plateifu	first_data	vlass_data	mangaid	objra	objdec	z_1	ra	dec	z_2	flux	lum	Mr01	NYU_mstar	is_agn	selection	ref	GAU	ELPETRO_TH50_R
10213-12701	1	1	1-72673	124.1299491	43.72845832	0.142333	124.129955	43.72844481	0.1423515	4	23.325	-21.688986	10.92207743	1	1	L10	0	5.005713
10214-3703	1	1	1-153696	122.921386	36.11577544	0.0862614	122.9213394	36.11577223	0.086278	43.7	23.901	-21.836996	10.98405669	1	1	L10	0	4.9477963
10215-3702	1	1	1-548639	121.3701102	37.55785322	0.0337287	121.3701045	37.55783918	0.0337409	3	21.894	-20.90532	10.55135204	0	0	L10	0	5.243437
10216-12704	1	1	1-382452	118.1623001	18.32160568	0.0449364	118.1622957	18.32159967	0.0449433	9.5	22.65	-20.649345	10.44394049	0	0	L10	0	6.531834
10216-9101	1	1	1-297956	116.6727447	18.73484105	0.0514557	116.6727371	18.73483456	0.0514866	17.3	23.032	-21.944561	11.02388841	1	0	L10	0	7.070266
10222-6101	1	1	1-582721	42.32616052	-8.174944543	0.0300342	42.32615727	-8.17494283	0.0302815	7.3	22.184	-21.27675	10.67900799	0	0	L10	0	8.633842
10493-12701	1	1	1-351890	121.2301075	52.07082422	0.0697078	121.2300438	52.07088138	0.0697039	3.2	22.572	-21.118698	10.47255362	0	0	L10	0	6.474335
10493-6103	1	1	1-352292	123.4317283	52.96061662	0.138128	123.4316741	52.96067003	0.1381322	212.6	25.023	-22.151217	11.10828364	1	1	L10	0	6.796991
10494-12702	1	1	1-352560	124.5160486	54.61908305	0.117425	124.5160486	54.61908305	0.1174978	504.8	25.248	-22.690151	11.33875247	1	1	L10	0	13.719557
10494-12704	1	1	1-352569	125.3882609	55.15196808	0.0797181	125.3881722	55.15202735	0.079669	5.3	22.912	-21.925495	10.99341915	1	0	L10	0	9.9447975
10494-6102	1	1	1-352603	124.9240982	54.62727661	0.0805874	124.9240387	54.62735245	0.0806016	6.1	22.984	-21.839504	10.9845707	1	0	L10	0	5.922393
10496-6104	1	1	1-154281	126.5023939	40.98111497	0.0575645	126.5023866	40.9811098	0.0575592	14	23.04	-22.23878	11.12979416	1	0	L10	0	14.203606
10496-9101	1	1	1-72421	123.4120806	41.36503434	0.099839	123.4120839	41.36503191	0.0998293	3.4	22.926	-21.847458	10.98208256	1	0	L10	0	7.0998387
10497-12702	1	1	1-383052	121.6039632	17.41768632	0.104144	121.6039326	17.41770006	0.1041248	40.5	24.04	-21.462477	10.79318404	1	1	L10	0	9.684381
10498-1902	1	1	1-299561	130.320095	27.65931452	0.0950556	130.320084	27.65931429	0.0950887	12.5	23.446	-21.453657	10.83111428	1	1	L10	0	4.1001325
10498-3702	1	1	1-299570	130.1508722	27.87653023	0.0965892	130.1508583	27.87654129	0.0965948	15	23.54	-21.64936	10.86246822	1	1	L10	0	6.985332
10498-6102	1	1	1-385347	130.4190728	25.80776927	0.13984	130.4190655	25.80777505	0.139837	28.9	24.167	-22.036058	11.04875619	1	1	L10	0	3.8677988
10498-6103	1	1	1-299532	131.2249752	27.71899985	0.0854244	131.2249755	27.71899302	0.0854342	6.6	23.071	-21.17456	10.69828181	0	0	L10	0	5.5931616
10499-12702	1	1	1-299669	131.6352312	29.59872324	0.0701255	131.6352701	29.59871366	0.070107	89.4	24.023	-22.014273	11.04037915	1	1	L10	0	13.280752
10500-12704	1	1	1-231628	136.2739785	32.62237992	0.058176	136.2739083	32.62238846	0.0581635	3.1	22.395	-20.694792	10.32073329	0	0	L10	0	5.003067
10501-9102	1	1	1-605544	134.0716545	30.68428716	0.0536605	134.0716767	30.6842626	0.0516741	16.4	23.012	-21.33276	10.74467417	0	0	L10	0	6.8620405
10502-12702	1	1	1-230926	129.5223604	30.74318936	0.106843	129.5223782	30.74317212	0.1068473	8.7	23.396	-21.976202	11.02022008	1	1	L10	0	4.962018
10503-9101	1	1	1-80332	159.9113539	5.175714834	0.0680894	159.9113424	5.175719281	0.0715483	409.4	24.702	-21.30654	10.71266573	0	0	L10	0	8.292195
10507-6104	1	1	1-174945	176.288581	49.71875402	0.0322098	176.2885622	49.71887882	0.0322209	3.3	21.895	-21.216887	10.74390128	0	0	L10	0	6.7807198
10508-6101	1	1	1-175865	183.3719899	50.74152931	0.0307574	183.3719835	50.74158596	0.0307286	96.3	23.318	-21.808784	10.97486614	1	1	L10	0	13.746653
10509-9101	1	1	1-576127	168.5324518	47.80430912	0.0674518	168.5324526	47.80433329	0.0680965	4.1	22.658	-21.872856	10.88148573	0	0	L10	0	8.1224375
10510-6104	1	1	1-618223	180.05782	56.2506	0.0636975	180.0579008	56.25067613	0.0631247	20.6	23.291	-21.360373	10.79238892	0	0	L10	0	9.044775
10510-9102	1	1	1-189083	178.8819552	54.89890465	0.0516048	178.881879	54.89894993	0.0516122	1513.5	24.976	-21.605268	10.8882799	1	1	L10	0	7.779079
10512-3701	1	1	1-76957	135.6910469	3.275085011	0.123318	135.6910342	3.275089238	0.1232693	9.8	23.58	-21.777704	10.96064043	1	1	L10	0	3.7155902
10513-12701	1	1	1-54225	140.6523987	-0.409026807	0.0540149	140.652379	-0.409039289	0.05403	21.4	23.167	-21.265022	10.75498408	1	0	L10	0	9.361627
10515-6102	1	1	1-560087	147.4027642	4.116285656	0.0897408	147.4027505	4.116289305	0.0901261	4.2	22.924	-21.28536	10.55466996	0	0	L10	0	6.2841353
10515-9102	1	1	1-78580	148.9186674	5.043535237	0.0344907	148.9186441	5.043502528	0.0344872	3.1	21.928	-20.62785	10.34473243	0	0	L10	0	7.313486
10518-12705	1	1	1-607996	154.0854156	4.82202894	0.0458089	154.0853854	4.822007224	0.0457878	5.5	22.429	-21.824999	10.75090878	0	0	L10	0	14.73771
10519-6102	1	1	1-586574	154.823301	4.763065705	0.046005	154.8232696	4.763066443	0.0461192	5	22.394	-20.905254	10.42279037	0	0	L10	0	#N/A
10837-12702	0	1	1-61633	159.8311315	2.321765836	0.08280073	159.8311269	2.321771455	0.0828081	4.2	22.846	-21.588694	10.87442808	1	0	L10	0	8.353584
10839-6104	0	1	1-53060	132.3878491	1.728030428	0.06883238	132.3878525	1.728020243	0.0688331	17.6	23.301	-21.15485	10.71703692	1	1	L10	0	5.8888807
10840-12701	1	1	1-214225	133.3661537	4.319674927	0.09563446	133.3661601	4.319662126	0.0956512	5.2	23.071	-21.697287	10.92038512	1	0	L10	0	9.837006
10841-12704	1	1	1-77695	142.7447583	3.807720566	0.08898211	142.7447586	3.807711807	0.0889694	109.4	24.328	-22.097633	11.09170087	1	1	L10	0	8.489515
10842-6101	1	1	1-77620	141.0356095	4.012842205	0.08356708	141.0356091	4.012835566	0.083567	4	22.833	-22.067978	11.03407408	1	0	L10	0	5.557425
10844-6102	1	1	1-78125	146.0868705	4.592183657	0.06130094	146.0868733	4.592192878	0.0613192	3.9	22.542	-21.557142	10.87768466	0	0	L10	0	6.0752583
10844-6104	1	1	1-181700	145.8472772	6.301031392	0.06144884	145.8472559	6.30103453	0.0614298	3.6	22.509	-21.449322	10.83037987	1	0	L10	0	4.7769012
10845-12701	1	1	1-78255	147.9806038	3.483396815	0.06007185	147.9806084	3.483417319	0.0600794	3.5	22.477	-20.543415	10.3818784	0	0	L10	0	6.589284
11010-3704	1	1	1-522216	197.0919695	23.5210697	0.13578445	197.091975	23.52111	0.13578	58	24.4424	-21.957685	11.03966912	1	1	B12	0	3.0522528
11010-9101	1	1	1-522062	196.56301	25.46055832	0.024156649	196.563015	25.46054	0.02416	8.2	22.0353	-19.890993	9.9730552	0	0	B12	0	7.345901
11011-3701	1	1	1-320614	215.9023963	48.43617308	0.07400261	215.902462	48.43620782	0.073976	11.2	23.17	-21.817621	10.98123154	1	0	L10	0	4.6137395
11011-9102	1	1	1-197650	219.4377854	48.59001534	0.1227145	219.4377854	48.59001534	0.122713	20.3	23.892	-22.245827	11.11579417	1	1	L10	0	10.708494
11012-9101	1	1	1-245118	211.8427755	54.50663923	0.067498766	211.8427113	54.5067148	0.0674972	4.2	22.661	-20.97983	10.64304478	1	0	L10	0	4.4985876
11013-6101	1	1	1-244377	206.1757203	55.88709302	0.03733982	206.175637	55.88716892	0.0373413	144.7	23.667	-20.920965	10.3708864	0	0	L10	0	5.7046614
11014-3704	1	1	1-456718	194.6472928	27.26475583	0.024539573	194.6472275	27.26468081	0.1531711	4.1	23.405	-23.134993	9.105869407	0	0	L10	0	5.2100616
11018-6103	1	1	1-233861	194.9488699	50.79530405	0.053898912	194.9488588	50.79536175	0.0538994	3	22.312	-21.51534	10.82902591	0	0	L10	0	5.595829
11020-12703	1	1	1-627142	205.8091	55.60314	0.06767025	205.8090497	55.60320319	0.0678652	5.9	22.813	-21.250402	10.75489551	1	0	L10	0	#N/A
11020-9101	1	1	1-196222	203.3968082	54.46212399	0.10750053	203.3968067	54.46219929	0.1075186	176.7	24.71	-22.25224	11.19124816	1	1	L10	0	7.6952133
11021-1902	1	1	1-547738	201.9403921	54.79918265	0.032718696	201.940436	54.79921498	0.0330175	3.1	21.889	-21.154428	10.72147024	0	0	L10	0	13.427602
11021-3701	1	1	1-195671	198.493112	53.46927011	0.062149033	198.4931258	53.46937272	0.0621712	53.2	23.689	-21.599215	10.90173937	1	1	L10	0	4.633832
11021-6104	1	1	1-195619	199.6248881	54.06644077	0.03267249	199.6249117	54.06649937	0.032655	6.2	22.18	-21.04713	10.67146714	0	0	L10	0	6.122069
11024-6103	1	1	1-641156	201.215462	-1.035083372	0.106715076	201.2154706	-1.03509786	0.106721	12.8	23.563	-21.299826	10.68419926	1	1	L10	0	9.207088
11025-12705	1	1	1-23958	258.8519931	57.32249742	0.029512003	258.8519877	57.32259385	0.0295223	3.2	21.804	-20.923693	10.61675063	0	0	L10	0	8.493259
11742-3703	1	1	1-584896	125.2931057	39.26303757	0.02881331	125.2931023	39.26302117	0.0270038	8.7	22.159	-20.778872	10.57636388	0	0	L10	0	4.7727113
11743-12703	1	1	1-412000	118.1777885	14.84068948	0.047622	118.1778035	14.84068606	0.0476051	3.6	22.28	-21.020697	10.41238394	1	0	L10	0	10.66919
11743-3702	1	1	1-458599	118.4790874	13.15460132	0.047628958	118.4790799	13.15458059	0.0476104	7.4	22.593	-21.296396	10.78171642	1	0	L10	0	3.9790199
11745-12701	1	1	1-123194	127.0244781	44.76675657	0.1449603	127.0244781	44.76675657	0.1449578	10	23.74	-22.648415	11.32072798	1	1	L10	0	14.566419
11747-12704	1	1	1-605382	129.8159659	28.84410349	0.0789606	129.8159659	28.84410349	0.0789433	918.4	25.143	-22.694706	11.32044334	1	1	L10	0	11.845027
11748-12705	1	1	1-605722	138.7486211	29.73024035	0.02116145	138.7486493	29.73024298	0.0211512	18.3	22.267	-21.062252	10.58078041	0	0	L10	0	9.514879
11748-6102	1	1	1-386962	138.4144773	29.99293651	0.022514744	138.4144481	29.99293907	0.0225113	24	22.439	-21.377808	10.78406151	0	0	L10	0	13.019931
11749-3702	1	1	1-387445	139.7475116	31.86128701	0.061941385	139.747519	31.86128013	0.0619532	308.4	24.449	-21.56683	10.88323472	1	1	L10	0	5.2980204
11751-12704	1	1	1-301330	145.8298035	36.24782181	0.022336463	145.829793	36.24781478	0.0223301	75	22.927	-20.769716	10.55673126	1	0	L10	0	20.471094
11751-1901	1	1	1-301090	146.6287583	34.91683772	0.041447632	146.6287598	34.91683258	0.0414357	8.1	22.508	-20.738317	10.2593086	0	0	L10	0	3.5326748
11751-6101	1	1	1-567397	145.2671592	34.73287857	0.049939964	145.2671644	34.73290374	0.131879	21	23.974	-23.390005	10.6663633	0	0	L10	0	5.5020375
11753-1902	1	1	1-55225	146.0046616	1.8736244	0.09970118	146.0046496	1.873613936	0.0996827	8.4	23.317	-22.222178	11.14666325	1	1	L10	0	6.2358546
11755-12704	1	1	1-258555	186.6765458	43.65798211	0.06542503	186.6765333	43.65797105	0.0654263	3.8	22.589	-20.700138	10.45736312	0	0	L10	0	6.5607347
11755-3701	1	1	1-282582	186.6701841	43.08595187	0.07414606	186.6701586	43.08593635	0.0741641	35.5	23.673	-21.826706	10.9826409	1	1	L10	0	5.0986547
11757-6104	1	1	1-634140	250.3632707	26.69389054	0.06967182	250.3632852	26.69388456	0.0697459	4.2	22.69	-21.695086	10.67990964	0	0	L10	0	5.4693933
11758-12705	1	1	1-591782	201.7260927	52.75354353	0.029760635	201.7261144	52.7536302	0.0297986	4.2	21.93	-21.315441	10.7940473	0	0	L10	0	9.0011835
11758-6104	1	1	1-195951	202.3175409	53.08198454	0.029086454	202.3176138	53.0820558	0.0290867	7.1	22.137	-21.293238	10.77462697	0	0	L10	0	13.46057
11761-12705	1	1	1-195337	194.9157008	53.34118605	0.027664695	194.9158315	53.34124028	0.0276569	33.3	22.763	-21.01515	10.65076334	0	0	L10	0	23.989359
11761-9102	1	1	1-151997	193.6573775	53.09004511	0.05382	193.6573658	53.09003305	0.0538441	301.8	24.314	-21.979319	11.03286975	1	1	L10	0	17.65273
11823-12704	1	1	1-324267	249.1019868	28.61780528	0.14442544	249.1019629	28.61778328	0.1444367	3	23.214	-22.258017	11.14971757	1	0	L10	0	5.3978105
11823-12705	1	1	1-543758	249.6988993	27.90719509	0.101941854	249.6988884	27.90719069	0.1018925	31.4	23.91	-21.852869	10.98403433	1	1	L10	0	6.9426055
11824-12703	1	1	1-369352	224.6437552	5.790766112	0.081916235	224.643735	5.79077	0.08192	8.3	23.1323	-22.070475	11.01168689	1	0	B12	0	11.1654825
11826-9102	1	1	1-399129	188.4072995	37.68945569	0.10225852	188.4072707	37.68947128	0.1022425	3.4	22.948	-21.460552	10.83674752	1	0	L10	0	4.677816
11827-12701	1	1	1-320324	211.9917552	47.90640081	0.14428656	211.9917577	47.90640364	0.144277	5.7	23.492	-21.683746	10.86191842	1	1	L10	0	6.587777
11827-12703	1	1	1-320551	212.9092873	49.88447438	0.12891996	212.9092983	49.88451688	0.1289339	29.1	24.095	-21.561615	10.8591204	1	1	L10	0	6.794733
11827-3702	1	1	1-320560	213.1826645	49.86848362	0.0773578	213.1826723	49.86850987	0.0773725	113.4	24.216	-22.079283	11.07008532	1	1	L10	0	5.0972676
11835-9101	1	1	1-82677	220.1784758	3.46542547	0.02737131	220.1784826	3.465421464	0.0273416	3.4	21.762	-21.614824	10.8878676	0	0	L10	0	18.267357
11838-3701	1	1	1-1747	155.0337439	-0.797442316	0.055798467	155.0337455	-0.797435501	0.0557958	3.3	22.384	-20.573124	10.37914929	0	0	L10	0	2.4758403
11838-6104	1	1	1-2354	155.8837292	0.173720125	0.095662445	155.8837343	0.17371974	0.0956663	4.6	23.018	-22.062872	11.07528492	1	0	L10	0	8.201276
11863-6101	1	1	1-195108	191.6980396	54.88751597	0.085060015	191.6980305	54.88760188	0.0850666	41	23.86	-21.939898	11.02507502	1	1	L10	0	5.35198
11863-9101	1	1	1-195175	193.2919141	55.168982	0.08559433	193.2918674	55.16903554	0.0855999	5.1	22.961	-21.334644	10.77896268	1	0	L10	0	4.4597526
11866-12705	1	1	1-1009	149.6474813	0.742772638	0.064824656	149.6474182	0.742784383	0.0648317	6.4	22.807	-20.893951	10.44438048	0	0	L10	0	3.4470954
11867-1902	1	1	1-53618	136.9586126	1.028064245	0.12799934	136.9586493	1.028055707	0.1279803	3.6	23.18	-21.02781	10.28014718	0	0	L10	0	2.375101
11868-6104	1	1	1-272854	250.0446438	26.10238416	0.05113933	250.04463	26.10235231	0.0511381	4.8	22.469	-20.954031	10.2398657	0	0	L10	0	6.121752
11871-12703	1	1	1-623440	194.5565425	26.4268536	0.069039315	194.5564868	26.42686785	0.0690223	12.6	23.158	-21.657179	10.68286505	1	0	L10	0	10.131629
11872-12701	1	1	1-189152	177.5469829	53.72241139	0.06031299	177.5469469	53.7225048	0.060311	82.5	23.852	-21.514645	10.81899631	1	1	L10	0	9.739622
11872-6104	1	1	1-151055	181.1325457	52.46360565	0.08257553	181.1324919	52.46367784	0.0825811	6.4	23.027	-21.822018	10.91695792	1	0	L10	0	6.765536
11940-1902	1	1	1-249062	246.6262343	35.67178436	0.03320053	246.6262488	35.67178151	0.033199	6.9	22.241	-20.690598	10.41105782	0	0	L10	0	7.220944
11942-12705	1	1	1-135547	247.4369951	40.81165478	0.0293382	247.4369951	40.81165478	0.0293525	7.5	22.169	-22.206202	11.1306515	0	0	L10	0	22.121666
11944-9101	1	1	1-200058	242.0146297	37.15397362	0.06975709	242.0146288	37.15396801	0.0697544	4.5	22.72	-20.835703	10.41003596	0	0	L10	0	4.1554713
11944-9102	1	1	1-200527	242.8076841	36.97341868	0.06742316	242.8076502	36.97343124	0.067416	3.9	22.627	-21.959084	11.02794535	0	0	L10	0	7.4567966
11946-6104	1	1	1-135727	250.7216388	37.87668606	0.13349333	250.7216125	37.87668361	0.1334609	3.1	23.154	-21.946642	11.01800033	1	0	L10	0	4.0625315
11947-12701	1	1	1-564535	251.3141503	34.63974126	0.05831617	251.3140791	34.6397767	0.1374947	6	23.469	-22.5963	11.0614215	0	0	L10	0	5.2787933
11947-3701	1	1	1-564538	251.8027154	34.56080925	0.09950381	251.8027035	34.56080885	0.0899295	30.2	23.778	-21.740185	10.94226136	0	0	L10	0	5.1224346
11950-3702	1	1	1-564581	250.2937561	29.05075641	0.07446227	250.2937459	29.05073735	0.1454268	12.9	23.854	-23.273264	11.48351174	0	0	L10	0	4.71916
11952-9101	1	1	1-325544	253.1475527	28.45477604	0.07935485	253.1475663	28.45477617	0.0793514	11	23.226	-21.713764	10.91294839	1	0	L10	0	7.056559
11954-12704	1	1	1-624592	197.3878688	53.49427299	0.03031263	197.3879135	53.49433594	0.0297383	24.6	22.696	-21.20571	10.58221557	0	0	L10	0	10.383043
11955-9102	1	1	1-195251	197.0104645	53.93587666	0.03288055	197.0105417	53.93593122	0.0328748	3.2	21.899	-20.78314	10.45248782	0	0	L10	0	7.7745314
11957-6104	1	1	1-151258	186.985069	52.52347406	0.08372679	186.9850655	52.52355064	0.083733	8.2	23.147	-21.823944	10.98706629	1	0	L10	0	5.989095
11960-9102	1	1	1-564644	237.2479393	8.909923826	0.06826999	237.2479375	8.909916876	0.0682774	322.3	24.556	-21.662813	10.91363838	1	1	L10	0	7.130852
11962-3703	1	1	1-631833	226.5078869	8.789788259	0.045978706	226.5078809	8.789785113	0.0459821	8.2	22.606	-21.339617	10.7945347	1	0	L10	0	4.192296
11963-3703	1	1	1-336083	234.0880133	8.68671897	0.12631686	234.0880318	8.686722077	0.12633	72.9	24.474	-21.851843	10.964037	1	1	L10	0	3.0868828
11967-6104	1	1	1-335584	231.5622656	9.885444356	0.13238953	231.5622792	9.885451591	0.132406	24.3	24.041	-21.824306	10.93061604	1	1	L10	0	6.180576
11970-6104	1	1	1-333806	225.7667088	9.506868333	0.092852466	225.7667071	9.506844889	0.0928407	4.3	22.961	-21.751978	10.92425284	1	0	L10	0	-9999
11974-12703	1	1	1-497670	238.2034652	10.18659559	0.093530305	238.203465	10.1866	0.09353	5.4	23.0667	-21.332659	10.73578852	1	0	B12	0	8.41726
11977-6103	1	1	1-325684	254.6252332	25.39028164	0.032695293	254.6252085	25.39026985	0.0326879	13.1	22.506	-20.558773	10.47387641	1	0	L10	0	6.1460433
11978-12705	1	1	1-634114	249.8783474	21.31691614	0.031127432	249.8783604	21.31692453	0.0311166	5.1	22.053	-20.804781	10.17694169	0	0	L10	0	9.436444
11979-9102	1	1	1-273041	252.7722449	22.52740678	0.031599846	252.7722543	22.52741184	0.0315992	11	22.4	-20.53122	10.40693352	0	0	L10	0	7.4799614
11981-3704	1	1	1-294241	253.6280507	19.77097873	0.053669404	253.6280448	19.77098118	0.0536912	5.4	22.564	-21.558645	10.87611911	0	0	L10	0	7.296468
11982-9102	1	1	1-96451	311.3108177	-5.484327038	0.027040787	311.3108116	-5.484314526	0.0268846	14.8	22.386	-20.85105	10.45527926	0	0	L10	0	8.1437
11983-12703	0	1	1-22720	258.6275452	65.28973529	0.07990916	258.6274921	65.28980171	0.0798915	273.2	24.627	-21.461693	10.7878147	1	1	L10	0	9.29648
11983-6101	1	1	1-22259	255.80782	63.54181008	0.096160665	255.8077649	63.54188049	0.0961693	3.5	22.904	-21.908737	11.00770651	1	0	L10	0	5.907589
12066-12705	1	1	1-635845	328.57792	0.3554	0.06712813	328.5779284	0.355402969	0.0671224	8.8	22.977	-21.687523	10.43813609	0	0	L10	0	#N/A
12067-6102	1	1	1-26462	332.8643128	-0.050600748	0.052349173	332.8643004	-0.050607749	0.052353	3.9	22.4	-21.184145	10.7099401	1	0	L10	0	6.7313137
12068-6104	1	1	1-106204	336.5142501	1.204682963	0.057716995	336.5142581	1.204646987	0.0577058	7.4	22.765	-21.909546	10.89732491	0	0	L10	0	5.805411
12069-12704	1	1	1-27482	338.0302348	0.037066931	0.038942147	338.0302298	0.03708465	0.0389393	3.3	22.063	-21.277853	10.56342164	0	0	L10	0	9.745629
12073-9102	1	1	1-601579	14.25854666	-0.875174283	0.044160094	14.25854224	-0.875192597	0.044156	71.3	23.509	-21.719097	10.90772232	1	1	L10	0	11.630613
12074-6102	1	1	1-108080	17.65096646	-0.468369702	0.10994162	17.65094968	-0.468383395	0.1099471	4.5	23.136	-21.61341	10.89342983	1	0	L10	0	4.87401
12075-12701	1	1	1-33805	18.73997172	0.430799451	0.044819	18.73997172	0.430799451	0.0448125	4.1	22.282	-21.909422	11.01880846	1	0	L10	0	14.517865
12075-12704	1	1	1-34106	20.5990669	-0.875200566	0.027124636	20.59906889	-0.875210357	0.0271235	4.6	21.886	-21.653957	10.89710204	0	0	L10	0	24.07443
12075-9101	1	1	1-33669	19.72343784	-1.002011103	0.045257337	19.72343321	-1.002013828	0.0452634	4	22.281	-22.03708	11.06734528	0	0	L10	0	13.011145
12081-9101	1	1	1-603215	31.41802404	-0.69486779	0.042502463	31.41799151	-0.694858201	0.0424419	4.3	22.255	-20.75838	10.462989	0	0	L10	0	13.894797
12084-6104	0	1	1-117115	344.6428944	15.17278477	0.030843178	344.6429071	15.17278322	0.0308352	11.3	22.39	-20.71585	10.35829825	0	0	L10	0	5.3436913
12084-9101	1	1	1-116706	344.5080861	13.13449361	0.025187705	344.5080896	13.13450517	0.0251839	44.9	22.81	-21.232273	10.70289483	1	0	L10	0	17.029215
12085-6101	1	1	1-117381	346.5684908	13.98233833	0.035540454	346.5684804	13.98232663	0.0355404	9	22.417	-20.742992	10.40882195	0	0	L10	0	5.3481774
12085-9102	0	1	1-116989	345.6679629	13.32909231	0.027651656	345.6679579	13.32907858	0.0276497	6.2	22.033	-20.739672	10.44737281	0	0	L10	0	7.3594174
12087-12705	0	1	1-117635	348.394664	13.98678575	0.039812516	348.3946594	13.9867946	0.0398122	4.2	22.187	-21.09969	10.69519467	0	0	L10	0	9.463383
12088-3701	0	1	1-597772	348.4187451	14.02097682	0.04090169	348.4187392	14.02099081	0.040372	7.2	22.434	-21.254723	10.54321259	0	0	L10	0	7.7521744
12089-12704	1	1	1-118325	352.3482006	14.20430248	0.041508455	352.3482073	14.20429004	0.0415491	3.2	22.107	-21.15162	10.4731247	0	0	L10	0	10.1505995
12089-3701	0	1	1-118382	351.1082348	13.97227969	0.042419266	351.1082214	13.97227784	0.0424431	69.3	23.462	-22.099264	11.1020405	1	1	L10	0	9.789446
12090-6103	1	1	1-598278	351.155166	14.64244514	0.042182494	351.1551477	14.64245191	0.0376847	79.6	23.416	-20.638418	10.68087887	0	0	L10	0	3.7864623
12090-6104	1	1	1-570537	352.625856	13.90562838	0.04045266	352.6258603	13.90562821	0.0397687	3.7	22.131	-20.93811	10.60721319	0	0	L10	0	5.762555
12092-12702	0	1	1-39672	14.08662529	13.8621551	0.039807778	14.08664156	13.86212226	0.0398055	5.2	22.28	-20.537989	10.47962294	0	0	L10	0	10.61997
12093-12702	0	1	1-601858	17.51320077	13.97816139	0.058283262	17.51319872	13.9781523	0.0582725	231.4	24.269	-21.674292	10.94332071	1	1	L10	0	16.81591
12484-12705	1	1	1-575186	196.3089888	31.99969441	0.05186	196.3089783	31.99971362	0.0518762	16.6	23.021	-21.967716	10.89993628	0	0	L10	0	16.105112
12484-6104	1	1	1-415452	197.6078636	32.77532674	0.12802319	197.6077819	32.77533832	0.1280061	3.3	23.143	-21.67325	10.89869923	1	0	L10	0	4.0468307
12488-9101	1	1	1-386400	134.7407637	28.9016652	0.042549588	134.7407777	28.90166014	0.0425476	3.8	22.203	-20.580105	10.05833867	0	0	L10	0	7.2171273
12489-9102	1	1	1-63963	180.2156375	3.315564879	0.13580294	180.2156194	3.315555105	0.1358084	8.3	23.598	-22.428684	11.20285742	1	1	L10	0	7.7382684
12491-6104	1	1	1-612698	166.5425234	3.320715174	0.031147812	166.542548	3.320707862	0.0311498	7.3	22.209	-20.599096	10.4848378	0	0	L10	0	6.472995
12506-12701	1	1	1-82432	218.2904766	3.946650828	0.030030238	218.2904561	3.946651992	0.0291756	7.7	22.175	-20.575222	10.32393411	0	0	L10	0	9.358866
12510-3701	1	1	1-10760	203.9115243	-0.920043479	0.07180949	203.9115442	-0.920050648	0.0717975	6.3	22.893	-21.639803	10.57409988	0	0	L10	0	3.3375127
12510-9102	1	1	1-159093	202.7153158	-1.778672768	0.036044568	202.7153245	-1.778709653	0.0360613	8.9	22.425	-20.709724	10.28784408	0	0	L10	0	6.9999743
12511-12705	1	1	1-53328	133.948605	0.794302784	0.041475892	133.9486002	0.794278071	0.0414851	9.9	22.596	-21.048069	10.54261611	0	0	L10	0	9.103236
12511-6102	1	1	1-53257	134.5205952	1.153756622	0.07123264	134.5205899	1.153751824	0.0712139	20.2	23.391	-21.607224	10.88988143	1	1	L10	0	5.4170117
12514-12702	1	1	1-67044	198.8398442	1.927555685	0.034554448	198.8398373	1.927525935	0.0345565	3.1	21.93	-20.922993	10.52938316	0	0	L10	0	9.40455
12514-9102	1	1	1-625206	199.2706438	1.827997832	0.0362903	199.2706449	1.828006127	0.0362846	5.7	22.237	-20.66664	10.20181315	0	0	L10	0	7.2919097
12518-3703	1	1	1-2936	159.604438	-0.39269029	0.096298665	159.6044297	-0.392686035	0.0962909	33.7	23.889	-21.807056	10.94798026	0	0	L10	0	4.011592
12622-1901	1	1	1-419213	199.5343559	31.96011957	0.077644385	199.53434	31.96012868	0.0776504	4.1	22.777	-21.722982	10.73100746	0	0	L10	0	3.7567246
12624-6103	1	1	1-415842	204.4264945	29.70648974	0.115468994	204.4266149	29.7064718	0.115472	227.9	24.886	-22.398125	11.19916664	1	1	L10	0	6.1574874
12624-9102	1	1	1-406086	205.4988552	29.78153774	0.044902008	205.4988673	29.78154209	0.0449137	10.3	22.684	-20.941786	10.62609658	1	0	L10	0	7.2022686
12651-12703	1	1	1-325181	250.6610343	27.44370173	0.1027953	250.6610437	27.44371566	0.102788	8.3	23.34	-22.308466	11.16248616	1	1	L10	0	16.84049
12652-3704	1	1	1-273036	253.5990565	23.56630121	0.056949347	253.5990687	23.56631236	0.0569486	3.77	22.461	-21.316462	10.75560861	0	0	L10	0	7.5467496
12652-6101	1	1	1-270308	251.7049014	22.90516927	0.035646018	251.7048903	22.90516488	0.0356447	3	21.943	-20.746338	10.53928804	0	0	L10	0	6.8707213
12667-12704	1	1	1-135773	250.4556512	37.30926181	0.09923228	250.4556315	37.30927013	0.0992229	20.5	23.7	-21.881296	10.94391349	1	1	L10	0	7.297218
12667-9101	1	1	1-211327	248.8820365	38.69420111	0.1390427	248.8819846	38.694186	0.1390516	4.9	23.391	-21.880707	10.97650884	1	1	L10	0	4.4378037
12674-12703	1	1	1-210719	246.8420922	39.10963062	0.03303058	246.8420892	39.10964044	0.0330155	7.1	22.249	-21.08572	10.47812334	0	0	L10	0	8.913908
12675-12705	1	1	1-211756	251.2203052	34.21425615	0.085053556	251.2202989	34.21423848	0.0850507	31	23.739	-21.785748	11.06117509	1	1	L10	0	8.261443
12675-6101	1	1	1-249190	250.6908107	33.77768451	0.13614865	250.6907883	33.77769157	0.1361293	4.3	23.315	-22.098026	11.078453	1	1	L10	0	5.331509
12682-3704	1	1	1-98061	324.0418763	-8.221381437	0.08503803	324.0418751	-8.221389953	0.0850304	22.4	23.597	-21.28883	10.76643973	1	1	L10	0	3.2847238
12683-3701	1	1	1-212820	326.4915304	-7.796865259	0.091513254	326.4915132	-7.796856133	0.0915147	41.9	23.937	-22.052347	11.05261965	1	1	L10	0	5.0109367
12696-1901	1	1	1-601561	13.94329224	0.645041401	0.06694086	13.94327579	0.645037397	0.0669633	3.5	22.574	-21.917654	11.01219352	0	0	L10	0	5.741156
12696-3702	1	1	1-107844	14.36510672	-0.471576862	0.043910038	14.36509615	-0.471596838	0.0439095	5.8	22.415	-21.179287	10.74401479	0	0	L10	0	4.0961285
12700-1901	1	1	1-120074	1.918440391	14.75186551	0.11594971	1.918424879	14.7518496	0.1159478	14.2	23.684	-21.881237	11.00711231	1	1	L10	0	2.2341626
12700-3703	0	1	1-120509	2.490832133	15.645825	0.08022182	2.490801137	15.64583178	0.080224	6.4	23	-21.28419	10.68783154	1	0	L10	0	6.356413
12769-9101	1	1	1-107452	6.045248803	-1.020323844	0.06489298	6.045266653	-1.020317986	0.0648949	4.4	22.645	-21.451044	10.79870852	1	0	L10	0	8.103689
7443-12703	1	1	12-193481	229.5255759	42.74584247	0.0402719	229.525575	42.7458502	0.0402792	50.3	23.276	-20.58224	10.10703378	0	0	L10	1	8.477228
7957-12702	1	1	1-547131	256.6937416	35.6581841	0.0234278	256.693665	35.65831	0.02343	6.9	21.9332	-19.906012	9.886806258	0	0	B12	1	10.800691
7959-12704	1	1	1-177624	256.8643802	31.24771245	0.0311455	256.8643715	31.24770748	0.0311505	5.5	22.086	-20.882315	10.36491811	0	0	L10	0	8.540304
7959-12705	1	1	1-178084	258.0568653	30.16784762	0.0305292	258.0568331	30.1678155	0.030532	3.1	21.82	-20.626991	10.31042594	0	0	L10	0	14.430852
7959-6103	1	1	1-561117	256.2831911	30.40321598	0.0340641	256.2831725	30.40320457	0.0339195	3.2	21.927	-20.747623	10.5585024	0	0	L10	0	6.1995087
7960-9102	1	1	1-547290	259.2469288	32.24588607	0.110685	259.24689	32.24586	0.11068	15.3	23.6739	-22.25964	11.13809677	1	1	B12	1	7.4570827
7961-12702	1	1	1-177959	258.935074	29.4043336	0.0289918	258.9350767	29.40429983	0.028993	7.5	22.158	-20.72866	10.50936277	0	0	L10	0	14.07809
7961-12705	1	1	1-547565	260.5342431	30.69385891	0.0500907	260.534205	30.69386	0.05009	10.2	22.7777	-21.408821	10.64179502	0	0	B12	0	12.971877
7962-12703	0	1	1-178586	261.2173022	28.07829691	0.0477401	261.2172895	28.07828721	0.0477257	3.1	22.217	-21.377369	10.74060056	0	0	L10	1	10.280376
7963-6102	1	1	1-635348	313.9021412	-0.636585787	0.0535281	313.9021325	-0.636582188	0.0535254	14.2	22.981	-21.552013	10.75685893	0	0	L10	0	4.276396
7965-3702	1	1	1-550893	318.9260212	0.384003652	0.114937	318.9260126	0.384000369	0.1365577	3	23.161	-22.235498	11.11870609	0	0	L10	0	2.8329773
7965-6103	1	1	1-191503	317.9948945	-0.219426084	0.0600969	317.9948832	-0.219442212	0.0600938	4	22.535	-21.654655	10.71380772	0	0	L10	0	6.0383205
7975-3702	1	1	1-114171	323.2963263	10.64420393	0.0881405	323.2963251	10.64420399	0.0881323	64.2	24.087	-22.061634	11.07759776	1	1	L10	1	4.3282833
7975-3704	1	1	1-550578	324.8336488	10.54076696	0.0766043	324.8336416	10.54076156	0.0738675	5.6	22.867	-21.730207	10.93782729	0	0	L10	1	7.10584
7977-12701	1	1	1-114955	332.6020898	11.7130773	0.0922799	332.6020453	11.71307574	0.0922663	9.3	23.29	-21.567581	10.65585289	0	0	L10	1	5.0340056
7979-1901	1	1	1-115212	334.599491	13.06756929	0.121102	334.5995008	13.06757768	0.1210694	5.2	23.288	-22.170774	11.12709469	1	0	L10	0	3.6142488
7981-12702	0	1	1-116283	338.7531218	13.46610848	0.0683416	338.7531169	13.46608088	0.0683752	50.2	23.75	-21.805	10.95932602	1	1	L10	0	8.411685
7981-12705	1	1	1-562312	339.3901166	12.51435342	0.0982972	339.3900925	12.51435093	0.0982978	39.6	23.978	-21.7422	10.95845791	1	1	L10	0	9.129242
7993-9101	0	1	1-41752	31.95306317	13.60959507	0.0649659	31.95304263	13.60959696	0.0649467	3.7	22.571	-20.81597	10.45459026	0	0	L10	0	4.2340803
7993-9102	0	1	1-42070	32.95456687	13.0210567	0.060711	32.95455668	13.02105546	0.0607387	227.1	24.299	-21.228653	10.74318249	1	1	L10	0	8.166655
8075-12701	0	1	1-638130	359.1752409	13.77634657	0.0362278	359.1752469	13.77636695	0.0362121	8.6	22.414	-20.988329	10.29023583	0	0	L10	0	8.965348
8075-12704	0	1	1-119566	358.5293181	15.96986989	0.0752207	358.5293235	15.9698645	0.0752423	46.9	23.807	-21.84757	10.97690794	1	1	L10	0	8.684552
8075-1902	1	1	1-638093	358.8170295	14.37548622	0.0359976	358.8170356	14.37547676	0.0359788	3.2	21.979	-20.557608	10.41253058	0	0	L10	0	10.255878
8075-9101	0	1	1-119278	358.6669564	13.88828534	0.0736396	358.6669489	13.88828155	0.0736432	93.6	24.088	-21.858362	10.98960666	1	1	L10	0	7.8570633
8078-12701	1	1	1-36832	40.88046588	0.306821501	0.0266695	40.88045517	0.306807165	0.0266628	3.4	21.74	-21.146235	10.61693258	0	0	L10	1	13.102182
8078-6103	1	1	1-37213	42.41654101	-0.069850736	0.0282334	42.41652933	-0.069866194	0.0282539	4.9	21.95	-20.678768	10.33718841	0	0	L10	1	6.417471
8079-12705	1	1	1-603793	42.81131164	-0.329252138	0.0669707	42.81131329	-0.329256036	0.066946	6.9	22.869	-20.788967	10.43483846	0	0	L10	0	5.722451
8080-12703	1	1	1-604022	49.48780082	-0.169100585	0.0227967	49.48780297	-0.16908336	0.0227933	18.9	22.347	-20.939157	10.365143	0	0	L10	1	11.071908
8080-6102	1	1	1-603996	48.01038955	-0.078473403	0.0376169	48.01037844	-0.07847987	0.0375845	14.7	22.68	-21.3722	10.81238784	0	0	L10	1	5.3269944
8082-12702	1	1	1-38101	48.43841591	-0.241460053	0.0259804	48.43839886	-0.24146448	0.0259263	5.2	21.9	-21.228106	10.70776842	0	0	L10	1	15.4335985
8083-9101	1	1	1-38017	50.13841388	-0.339959846	0.0382806	50.13840723	-0.339949668	0.0382796	3	22.006	-21.107029	10.56662928	0	0	L10	1	7.5228114
8088-6104	1	1	1-120779	4.911614736	14.70032028	0.115972	4.911599262	14.70031741	0.1159605	6.9	23.371	-22.338297	11.19009098	1	1	L10	0	5.323287
8089-3702	0	1	1-120918	6.654642683	16.22428835	0.080227	6.654642972	16.22426994	0.0802259	28.6	23.651	-21.050108	10.66532823	1	1	L10	0	4.351981
8089-3704	1	1	1-39056	7.213715301	15.07898037	0.141558	7.213701179	15.07897146	0.1407778	63	24.512	-22.307823	11.17327951	0	0	L10	0	4.5284934
8092-12701	0	1	1-41092	20.05046752	14.56127538	0.0378013	20.05044511	14.56129204	0.0377885	4.8	22.199	-21.18087	10.71501548	0	0	L10	0	10.476478
8093-6101	0	1	1-40980	20.00835226	14.86106968	0.0536899	20.00834245	14.86106267	0.0537282	159.1	24.034	-21.402876	10.81122492	1	1	L10	0	6.519223
8093-9101	0	1	1-41141	19.87834493	14.9107051	0.125642	19.87833182	14.91070321	0.1256232	3.4	23.138	-21.282963	10.60635379	1	0	L10	0	4.1803083
8095-1902	1	1	1-41541	25.42993751	13.675815	0.0453256	25.42994123	13.67579523	0.0453301	3.1	22.171	-20.8972	10.35927845	0	0	L10	0	2.7493827
8095-6101	1	1	1-41597	24.27618	13.24703	0.120141	24.27620273	13.2470566	0.1201382	49.7	24.261	-21.83797	10.98796285	1	1	L10	0	#N/A
8131-12705	1	1	1-338117	112.5599103	39.53345906	0.141544	112.559934	39.53345341	0.1415413	12.1	23.801	-21.819025	10.96130309	1	1	L10	1	5.2862415
8131-3703	1	1	1-377439	112.1694267	41.47302406	0.119084	112.1694143	41.47301357	0.1190951	3.8	23.137	-22.214722	11.13317064	1	0	L10	1	3.7980313
8132-9102	1	1	1-548033	112.0034403	41.91876835	0.0583884	112.0034301	41.91875994	0.0587336	38.4	23.496	-21.763515	10.94473793	0	0	L10	1	6.932662
8134-12702	1	1	1-378164	114.4559285	46.39766229	0.0321263	114.4558923	46.39765701	0.0321289	3.7	21.942	-20.627714	10.45915861	0	0	L10	1	12.960089
8134-1901	1	1	1-378039	113.4001814	45.94337693	0.0766511	113.4002116	45.9433635	0.076658	3.6	22.709	-21.329592	10.50251396	0	0	L10	1	3.171208
8134-9102	1	1	1-339163	116.280207	46.07242123	0.0312375	116.2802162	46.07241913	0.0312284	4.7	22.02	-20.87767	10.49564855	0	0	L10	1	11.941869
8135-9101	1	1	1-338152	112.9797072	39.14013209	0.0870194	112.9796992	39.14010763	0.0870241	4.1	22.881	-21.625921	10.87867473	1	0	L10	1	7.568585
8137-12703	1	1	1-338796	116.1692575	44.14440948	0.0382869	116.1692347	44.1444001	0.0382832	3.7	22.097	-20.712603	10.28994049	0	0	L10	1	8.936384
8138-12704	1	1	1-339041	116.6571351	44.79051634	0.030805	116.6571165	44.79051281	0.030818	5.1	22.044	-21.35673	10.7488308	0	0	L10	1	10.865443
8143-6101	1	1	1-72322	121.0142005	40.80261295	0.126168	121.0141887	40.80259355	0.1261735	79.1	24.509	-22.515947	11.22465979	1	1	L10	1	6.028493
8145-12702	1	1	1-152618	115.9636015	28.35778421	0.106332	115.9635735	28.35777698	0.1063347	21.7	23.789	-21.441904	10.83082403	1	1	L10	1	11.518999
8146-12704	1	1	1-556516	117.4811335	29.4202083	0.0627711	117.4811295	29.42019441	0.0623875	3.6	22.523	-21.304565	10.76233343	0	0	L10	1	10.875661
8146-1901	1	1	1-201355	117.0538656	28.22509172	0.0270561	117.0539175	28.22515	0.02706	10.9	22.259	-19.883062	9.984969816	0	0	B12	1	2.9259777
8149-12705	1	1	1-218116	120.9267482	26.45544392	0.0470305	120.9267615	26.45542391	0.0470355	4.1	22.326	-21.122084	10.69668802	0	0	L10	1	8.498351
8154-12701	1	1	1-603920	45.43511	-0.59263	0.0314652	45.43510758	-0.592649725	0.0315005	6.3	22.155	-20.576962	10.00818999	0	0	L10	1	#N/A
8154-3702	1	1	1-37265	43.65829051	0.939435236	0.0667607	43.6582995	0.939424359	0.0667755	116.2	24.093	-21.63556	10.90764615	1	1	L10	1	4.401732
8158-6103	0	1	1-52720	61.6808056	-5.114723894	0.0659973	61.68078269	-5.114738183	0.0659905	14.2	23.169	-21.771637	10.95414608	1	0	L10	1	6.448569
8239-12701	1	1	1-378360	115.3874771	47.87100588	0.127488	115.3874336	47.87107813	0.1275065	12.2	23.707	-21.652475	10.90287522	1	1	L10	1	5.465095
8240-12703	1	1	1-123171	127.8006368	43.69957725	0.111426	127.8006418	43.69957311	0.1114422	137.2	24.633	-22.479475	11.2294351	1	1	L10	0	8.068005
8241-6102	1	1	1-460288	126.0596334	17.33195052	0.0372518	126.0596294	17.3319614	0.0372511	14.3	22.66	-20.684578	10.12393783	1	0	L10	1	5.37398
8241-9102	1	1	1-460812	127.1708004	17.58140032	0.0665263	127.1707687	17.58140272	0.0665302	5.4	22.757	-20.875044	10.62027744	1	0	L10	1	4.281039
8243-12701	1	1	1-46562	128.6877408	52.71568625	0.0448787	128.6876334	52.71574573	0.0448903	3.4	22.203	-21.494356	10.72968671	0	0	L10	1	13.078961
8243-9102	1	1	1-605419	130.821739	52.75792905	0.0587489	130.8216473	52.75797788	0.0587474	4.4	22.556	-21.903189	11.02141897	0	0	L10	1	6.8459053
8244-6103	1	1	1-47705	130.9964447	51.09026367	0.126344	130.9964027	51.09033193	0.1263508	110.3	24.654	-22.312006	11.17059903	1	1	L10	1	5.939661
8245-12703	1	1	1-464461	136.3697409	22.60220434	0.0361546	136.3697278	22.60219397	0.0361499	3.9	22.069	-20.680124	10.23141128	0	0	L10	0	9.968417
8245-3703	1	1	1-463943	135.6454126	20.73834442	0.0834287	135.6454386	20.73830281	0.0834222	131.5	24.349	-21.490154	10.83288633	1	1	L10	0	11.243195
8247-6103	1	1	1-217050	136.7199824	41.40825171	0.0273577	136.7199946	41.40825259	0.0273496	51.6	22.944	-20.54155	10.46927357	1	0	L10	1	6.4008675
8247-9102	1	1	1-217041	137.441277	41.95586961	0.140035	137.4413105	41.95586912	0.1400336	272.5	25.143	-22.445488	11.22329942	1	1	L10	1	7.4531665
8249-6102	1	1	1-137875	137.3359244	45.06551359	0.0510126	137.3358775	45.06551926	0.051009	3.6	22.342	-20.582098	9.978788277	0	0	L10	1	3.6931453
8250-12704	1	1	1-585513	138.9813785	44.33276079	0.0397859	138.9813504	44.33279372	0.0397837	36.8	23.129	-20.881758	10.40712096	0	0	L10	1	11.277347
8252-9102	1	1	1-138157	145.5415309	48.01286347	0.0561577	145.5416223	48.01285917	0.0561625	7.7	22.758	-20.793848	9.879263008	0	0	L10	1	4.6225653
8254-6101	1	1	1-255890	163.2499005	43.04861365	0.147919	163.2498973	43.04861632	0.1479128	42.2	24.384	-22.029224	11.03772404	1	1	L10	1	4.0388255
8255-6101	1	1	1-256446	166.5098794	43.17347263	0.0584258	166.509877	43.1734769	0.0584273	3.9	22.498	-20.598427	10.49435541	1	0	L10	1	3.207643
8256-12705	1	1	1-587938	165.795924	41.70524273	0.0307913	165.7959237	41.70524756	0.0294882	8.1	22.206	-20.849916	10.5814261	0	0	L10	1	11.549681
8257-12705	1	1	1-277552	167.0345579	45.98462438	0.0361729	167.0346102	45.98461442	0.0362258	3.3	21.999	-20.54946	10.13283595	0	0	L10	1	15.360724
8260-9101	1	1	1-258373	182.2867267	44.00316468	0.0375422	182.2866954	44.0031929	0.0375231	7.9	22.409	-21.354383	10.54021905	0	0	L10	0	9.07121
8262-9101	1	1	1-258213	184.5437875	44.40045966	0.0382552	184.5437316	44.40047801	0.038236	3.8	22.108	-21.283209	10.76761389	0	0	L10	1	6.823931
8262-9102	1	1	1-589908	184.5535659	44.17324223	0.0245271	184.5535972	44.17326617	0.0245082	7	21.979	-20.54453	10.12996477	0	0	L10	1	7.342788
8263-9102	1	1	1-575826	186.3903139	46.06715057	0.0482156	186.3903309	46.0671603	0.0472635	10.8	22.751	-21.094772	10.62644871	0	0	L10	1	7.7422466
8309-12702	1	1	1-196737	207.3684453	53.24604534	0.142054	207.3684184	53.24609914	0.1420594	3.9	23.312	-22.489021	11.22911139	1	1	L10	1	5.5071826
8309-6102	1	1	1-196580	208.5079796	51.90498568	0.143571	208.5079777	51.90502666	0.1435843	3.3	23.25	-22.000755	11.04336252	1	0	L10	1	3.1970313
8311-3703	1	1	1-626924	205.0121727	23.14297362	0.0316772	205.0122	23.14297	0.03168	6.9	22.1999	-20.979084	10.56461522	0	0	B12	1	5.9720325
8313-12702	1	1	1-248388	240.6774191	41.19726098	0.0333433	240.6773885	41.19725503	0.033347	15.4	22.594	-20.557007	9.95310375	0	0	L10	1	9.437059
8314-12701	1	1	1-569214	240.7559389	39.64526293	0.0309273	240.755911	39.64527229	0.0310836	11	22.386	-20.66006	10.05667332	0	0	L10	0	12.174384
8314-6104	1	1	1-248661	244.0021758	39.49763259	0.136843	244.0021414	39.49760638	0.1368498	15.5	23.877	-21.51513	10.87001035	1	1	L10	0	3.7133558
8315-12705	1	1	1-322787	235.9204881	39.54035712	0.0634711	235.9204767	39.5403573	0.0634818	3.4	22.514	-21.023008	10.30405645	0	0	L10	1	6.1562877
8317-6102	1	1	1-259537	194.9250265	43.75317966	0.0578109	194.925023	43.75320446	0.0577953	5.7	22.653	-21.629223	10.76579408	0	0	L10	1	5.8338943
8317-6103	1	1	1-259368	193.2701986	44.96034823	0.105905	193.2701746	44.96035208	0.1059154	18.6	23.718	-21.54845	10.86495461	1	1	L10	1	10.363188
8319-3703	1	1	1-234362	201.2833031	48.3445058	0.0688838	201.283328	48.3444993	0.068895	3.2	22.561	-21.104864	10.53332122	0	0	L10	1	3.7891693
8320-9101	1	1	1-523050	206.3138528	23.31651269	0.0296935	206.31384	23.31653	0.02969	6.2	22.096	-19.472006	9.463062725	0	0	B12	1	8.001718
8322-3701	1	1	1-419028	199.0664818	30.26453157	0.0491864	199.066471	30.26451465	0.0491726	8.2	22.666	-21.418972	10.46835853	0	0	L10	0	4.9949803
8324-6104	1	1	1-575726	198.9589039	46.33883	0.0573434	198.9589166	46.33880514	0.0569821	5.8	22.648	-20.552538	10.45604439	0	0	L10	0	3.918995
8328-6101	1	1	1-286287	209.1503244	44.94165018	0.12497	209.150301	44.94168314	0.1249587	7.8	23.494	-21.904285	11.00614153	0	0	L10	0	6.749811
8328-9101	1	1	1-286277	208.5497553	44.20802863	0.064365	208.549738	44.20805469	0.0643511	3.1	22.486	-20.725048	10.36940665	0	0	L10	0	5.076412
8329-12701	1	1	1-266039	213.4168201	43.86656476	0.0350445	213.4168177	43.86658991	0.0350417	3.6	22.007	-20.996952	10.37962077	0	0	L10	1	11.157239
8329-3701	1	1	1-569225	213.4321862	43.66248131	0.0893362	213.4321711	43.6625073	0.09091	46.6	23.977	-21.196411	10.73444342	0	0	L10	1	18.259348
8331-12704	1	1	1-250997	205.2510318	42.43141163	0.0279313	205.2510345	42.4314196	0.02793	3.4	21.781	-20.603971	10.39457324	0	0	L10	1	10.544967
8331-3701	1	1	1-575738	204.111415	43.01507992	0.0619815	204.111418	43.01509495	0.0634504	5.1	22.689	-21.966864	11.03222922	0	0	L10	1	8.186371
8331-9101	1	1	1-285879	203.9881894	41.60464728	0.062122	203.9881885	41.60467487	0.0621195	6.1	22.748	-21.730307	10.94671517	1	0	L10	1	6.897475
8332-12704	1	1	1-251269	209.1635744	43.58564082	0.103091	209.1635525	43.58561777	0.1026581	1.8	22.675	-20.972172	10.60604958	0	0	B12	1	6.3623867
8333-3704	1	1	1-569263	216.7315095	42.09604705	0.0992554	216.7315394	42.09606522	0.1296727	225.4	24.989	-22.896145	11.39176222	0	0	L10	1	4.8384395
8333-6103	1	1	1-265883	214.4646542	43.41824045	0.106992	214.4646643	43.41826001	0.1070103	7.8	23.35	-21.661686	10.89310317	1	1	L10	1	4.1099696
8333-9102	1	1	1-266328	215.0726323	43.06279867	0.136102	215.0726132	43.06281647	0.1361151	11.7	23.749	-21.928015	11.01206111	1	1	L10	1	4.137397
8334-3702	1	1	1-251458	212.3760821	41.11092989	0.077111	212.3760734	41.11092545	0.077114	3.7	22.726	-21.951193	10.82473133	0	0	L10	0	6.612453
8335-6103	1	1	1-251739	215.9647258	40.258831	0.0821963	215.9647526	40.25883897	0.0821817	12.1	23.299	-22.106392	11.10039564	1	0	L10	1	7.5653086
8336-6104	1	1	1-261008	211.2431316	38.63421382	0.0650357	211.2431284	38.63423371	0.0650183	11	23.045	-21.660322	10.91797594	1	0	L10	0	5.8815455
8438-12702	1	1	1-505218	149.7509273	17.81714067	0.0254388	149.7509461	17.81714	0.02544	8.4	22.0913	-20.558264	10.1180066	0	0	B12	0	11.513299
8438-12703	1	1	1-474943	149.3183879	19.11421962	0.0903881	149.3183758	19.11422334	0.090388	288.5	24.763	-21.356253	10.7706232	1	1	L10	0	5.8814154
8438-3702	1	1	1-474803	149.5857759	18.13560602	0.109019	149.585771	18.1355954	0.1090168	3.4	23.007	-22.168774	11.07430835	0	0	L10	0	4.451969
8439-6102	1	1	1-155975	142.7781675	49.07974566	0.0339319	142.77811	49.07987153	0.0339323	8.9	22.371	-20.593142	10.37470813	0	0	L10	0	5.354486
8439-6104	1	1	1-585632	143.5103548	50.02748593	0.0378229	143.5102842	50.02758814	0.0387089	8.5	22.468	-20.671673	10.45869647	0	0	L10	0	5.5781026
8440-6104	1	1	1-216976	135.7589657	40.43398525	0.0287631	135.758958	40.43397738	0.0287245	15.5	22.465	-20.730978	10.34609778	0	0	L10	1	5.4798937
8444-12703	1	1	1-422040	201.4111053	33.68043282	0.0389689	201.4111126	33.68042872	0.0389729	4.3	22.179	-21.11477	10.3562949	0	0	L10	1	10.082237
8445-12701	1	1	1-591917	203.9581895	34.99894875	0.025054	203.9582122	34.99896428	0.0249951	3.5	21.696	-20.617548	10.31515082	0	0	L10	1	12.38283
8447-12702	1	1	1-627377	206.705802	39.08370854	0.0614411	206.7057157	39.08369956	0.0614132	3.5	22.496	-20.70433	9.927013166	0	0	L10	1	6.6270003
8447-3702	1	1	1-405213	207.3900128	38.71446575	0.108592	207.3899777	38.71446476	0.1085648	3.5	23.015	-22.128572	11.09789626	1	0	L10	1	5.018391
8447-6103	1	1	1-260541	206.1730368	40.46729992	0.075388	206.1730608	40.46730125	0.0754022	101.3	24.143	-22.066706	11.07970654	1	1	L10	1	6.0021915
8449-1901	1	1	1-488532	167.4216604	21.74037531	0.0322203	167.421645	21.74038	0.03222	6.2	22.1684	-20.004017	10.19621149	1	0	B12	1	2.4440134
8450-3701	1	1	1-489644	171.7254501	21.29525203	0.13552	171.725445	21.29524	0.13552	29	24.1395	-21.954844	11.02227871	1	1	B12	1	4.3956428
8452-1902	1	1	1-148046	157.7793027	48.01483039	0.058703	157.7792971	48.01483385	0.0586903	3.3	22.43	-20.761923	10.17478837	0	0	L10	1	4.1009293
8452-3702	1	1	1-148127	156.2980164	47.73907941	0.0621072	156.2979886	47.73909514	0.0620863	5.1	22.67	-21.392977	10.80032582	1	0	L10	1	4.7209115
8454-12702	1	1	1-167242	153.0490211	45.14215792	0.0764318	153.0489708	45.14217228	0.0764357	5.1	22.858	-21.290285	10.32284631	0	0	L10	1	4.485839
8455-12703	1	1	1-255090	157.7232675	41.2210951	0.092116	157.7232765	41.22112274	0.0921193	50.8	24.026	-22.05559	11.05809616	1	1	L10	1	8.884529
8459-3702	1	1	1-166919	146.7091001	43.42384296	0.0722105	146.7090814	43.42384958	0.072218	5.7	22.855	-21.557062	10.7808089	0	0	L10	1	4.0408893
8464-6101	1	1	1-258599	186.1809966	44.41077116	0.125582	186.1809499	44.41078167	0.1255854	7.4	23.475	-21.887552	10.89087032	0	0	L10	1	3.3570237
8479-12705	1	1	Feb-50	194.898779	27.959268	-999	194.8987896	27.95926336	0.0239263	205.9	23.427	-21.650696	10.88365455	1	1	L10	0	22.720497
8479-9101	1	1	Jun-50	194.351506	27.497818	-999	194.3515114	27.49781402	0.0244748	74.3	23.004	-21.542675	10.87615995	1	0	L10	0	12.629387
8481-3702	1	1	1-91582	239.339148	54.67107331	0.0469388	239.3391706	54.67117737	0.0469757	159.6	23.915	-21.690746	10.93077513	1	1	L10	1	7.696423
8482-12704	1	1	1-92866	243.5818213	50.46561066	0.0602584	243.5818185	50.46568808	0.0602601	85.1	23.865	-21.64265	10.90995914	1	1	L10	1	9.67124
8482-3704	1	1	1-93612	245.4124015	49.44884262	0.0323949	245.4123843	49.44890533	0.0324025	4.4	22.024	-20.960161	10.56848691	0	0	L10	1	6.0571313
8488-12703	1	1	1-209474	236.6528274	46.53298272	0.0652604	236.6528261	46.53301464	0.0652789	4.2	22.631	-21.646173	10.90392494	1	0	L10	0	13.256976
8488-6102	1	1	1-247600	234.7913478	46.39771316	0.149179	234.791315	46.39769694	0.1492004	7.9	23.665	-22.30584	11.16266551	1	1	L10	0	6.7867928
8546-1902	1	1	1-633381	238.7954733	52.16847995	0.0371798	238.7954712	52.16856071	0.0371647	9.5	22.481	-20.678097	10.12086105	0	0	L10	0	5.8127456
8547-12701	1	1	1-593159	217.6299707	52.70715903	0.0448811	217.6299416	52.70725222	0.0447846	5.2	22.385	-21.105106	10.6591222	0	0	L10	1	6.036082
8550-12705	1	1	1-135468	249.1356952	39.02788001	0.029986	249.1356964	39.02787392	0.029985	5.8	22.076	-21.402517	10.79240131	0	0	L10	1	16.802143
8553-6102	1	1	1-90192	233.7126036	56.45107857	0.0394443	233.7126697	56.45114147	0.0394463	7.7	22.442	-21.236147	10.7678203	0	0	L10	1	6.2054505
8554-6102	1	1	1-414400	182.7844658	35.33300699	0.136377	182.7845159	35.33300532	0.1363731	74.4	24.555	-22.43083	11.22136254	1	1	L10	1	5.3514695
8554-6103	1	1	1-419288	183.9973774	35.7173746	0.133345	183.9973754	35.7173765	0.1333323	53.7	24.392	-22.244736	11.16612922	1	1	L10	1	6.22415
8555-12704	1	1	1-134884	245.1943777	43.15320775	0.13407	245.1943893	43.15320156	0.1340849	40.7	24.277	-22.336658	11.17841509	1	1	L10	1	7.112466
8555-6103	1	1	1-93872	247.0971423	43.95761261	0.139743	247.0971109	43.95760372	0.1397462	25.9	24.119	-22.221169	11.13164338	1	1	L10	1	6.6292934
8561-9101	1	1	1-91394	238.6899852	53.14469779	0.0686828	238.6899541	53.14477384	0.0686906	3.3	22.572	-21.86807	10.71231996	0	0	L10	0	7.786941
8562-6101	1	1	Feb-31	244.3958435	50.24455643	0.0416875	244.39584	50.24456	0.04169	8.7	22.5446	-20.45337	10.05432896	0	0	B12	0	4.380789
8563-9101	1	1	1-91858	241.2627682	50.83144709	0.110809	241.2627627	50.8315321	0.1108114	4.4	23.134	-21.575592	10.87098871	1	0	L10	0	6.229238
8566-12701	1	1	1-43188	114.8809845	39.78890556	0.0976584	114.8809756	39.78888728	0.0976453	83.5	24.296	-21.197462	10.73376998	1	1	L10	1	7.7461376
8566-12704	1	1	1-43311	115.6699368	40.92943309	0.0416199	115.6699182	40.9294438	0.041595	3.4	22.135	-20.820307	10.19939985	0	0	L10	1	6.8574967
8566-9101	1	1	1-338559	113.9819924	42.20336206	0.0882197	113.9819821	42.20335267	0.0882428	18.5	23.548	-21.879108	11.00986913	1	1	L10	1	3.6242115
8568-1901	1	1	1-273933	154.4924319	37.1815832	0.0441818	154.4924348	37.18156747	0.044196	4.8	22.338	-21.298664	10.74859441	0	0	L10	1	7.807817
8568-9101	1	1	1-392067	155.5807611	36.58303785	0.0259165	155.5807769	36.58302772	0.0259175	13.4	22.311	-20.620813	10.49467238	0	0	L10	1	8.158225
8570-9102	1	1	1-41350	22.66082848	13.21282819	0.0721744	22.66083891	13.21284082	0.072181	16	23.302	-21.628029	10.71470353	0	0	L10	0	6.157247
8588-6101	1	1	1-135517	248.4567558	39.26320543	0.0317611	248.4567321	39.26320801	0.0317612	9.4	22.336	-21.01841	10.51195042	0	0	L10	1	5.7675457
8591-6102	1	0	1-197063	212.9559958	52.81671266	0.076489	212.9559848	52.81679012	0.076504	846.8	25.079	-22.089193	11.08112182	1	1	L10	1	5.0733123
8592-12703	1	1	1-207943	222.5007653	54.08451091	0.141382	222.5007857	54.08456831	0.1413661	114.1	24.774	-21.926012	10.99826248	1	1	L10	1	5.2297864
8593-3704	1	1	1-208258	225.6210407	52.73391379	0.133075	225.6210159	52.73398287	0.1330783	205.2	24.972	-22.549786	11.26495819	1	1	L10	0	3.6118908
8593-6102	1	1	1-208254	225.2643702	51.96706475	0.132097	225.264396	51.96713539	0.1320907	11.3	23.706	-21.895557	11.00314508	1	1	L10	0	7.333704
8595-3703	1	1	1-631278	221.4379842	51.58081965	0.0296268	221.4379869	51.58088163	0.0296104	11.5	22.362	-21.018461	10.53848519	0	0	L10	1	4.97532
8596-6102	1	1	1-208905	229.4972252	49.67725051	0.0614902	229.4971907	49.67722467	0.0614789	3.8	22.533	-20.756552	10.22358372	0	0	L10	0	6.6985164
8596-6104	1	1	1-632632	231.2125613	50.31513633	0.0373979	231.2125816	50.31519104	0.0373996	5.3	22.233	-20.57045	10.40926425	0	0	L10	0	5.0668955
8597-3701	1	1	1-197867	224.8355317	47.56705121	0.124553	224.8355293	47.56705604	0.1245406	3.9	23.19	-21.805689	10.96947358	1	0	L10	1	4.940483
8597-3703	1	1	1-198182	224.7496469	48.40985542	0.0358627	224.7496535	48.40984602	0.0358818	4.5	22.125	-21.092262	10.68721905	0	0	L10	1	3.3056636
8598-6101	1	1	1-246809	230.3624969	48.66202291	0.0741595	230.3624885	48.66204242	0.0741701	69.5	23.965	-21.028996	10.6778395	1	1	L10	0	4.122897
8598-9101	1	1	1-247055	229.6539857	49.18059107	0.123702	229.6539556	49.18058047	0.1236907	14.2	23.744	-21.651974	10.9024334	1	1	L10	0	9.357716
8600-12703	1	1	1-210614	244.5017564	41.39219002	0.061189	244.5017686	41.39220526	0.0611994	3.8	22.529	-21.597918	10.8758332	0	0	L10	1	7.023719
8600-9101	1	1	1-569162	244.1576375	42.4488084	0.13676	244.1576629	42.44877429	0.1382099	170.9	24.928	-21.815521	10.95975972	0	0	L10	1	18.233788
8602-12705	1	1	1-211074	247.4626868	39.76651093	0.0318464	247.4627058	39.76652453	0.0318518	3.8	21.946	-20.733528	10.29746312	0	0	L10	1	9.510229
8603-12704	1	1	1-135030	247.8938766	40.56559732	0.0273289	247.8938744	40.56558446	0.027322	4	21.832	-20.639084	10.41758308	0	0	L10	1	15.954329
8603-6101	1	1	1-594493	247.1593335	39.55126603	0.03035	247.1593343	39.55122635	0.0267179	3678.7	24.776	-21.388388	9.411505882	0	0	L10	1	5.531318
8604-6102	1	1	1-210863	246.0734555	39.21103947	0.0300181	246.0734618	39.21104482	0.0300075	4	21.915	-20.641027	10.47458161	0	0	L10	1	9.045615
8606-12701	1	1	1-95585	255.0298698	37.83950214	0.0633343	255.0298817	37.8395107	0.0633216	3.3	22.498	-21.671755	10.80467419	0	0	L10	1	4.207768
8609-3702	1	1	1-446720	246.0831436	15.46339249	0.0895801	246.0831459	15.46337398	0.089584	17.2	23.53	-22.00358	11.02212747	1	1	L10	0	7.943094
8612-6104	1	1	1-95843	255.006946	38.81600935	0.0355774	255.0069638	38.8160305	0.0355833	4	22.066	-20.768019	10.3276559	0	0	L10	1	6.4641213
8613-6102	1	1	1-177135	255.6381011	33.51663954	0.0863756	255.6381011	33.51663954	0.0863873	9.2	23.225	-22.681433	11.32834412	1	0	L10	1	13.835224
8614-12701	1	1	1-177177	255.4713017	35.05110299	0.105097	255.4712969	35.05109887	0.1088167	28.6	23.93	-21.74378	10.90692184	0	0	L10	0	7.87476
8614-3703	1	1	1-546819	257.0013711	36.34442082	0.0362362	257.001345	36.34442	0.03624	7.7	22.3669	-20.833069	10.59316799	0	0	B12	0	3.9789658
8614-6101	1	1	1-177061	256.7570816	34.38927648	0.0705433	256.7570252	34.38926778	0.0705571	4.2	22.701	-21.300829	10.47232457	0	0	L10	0	7.88769
8615-12703	1	1	1-289865	322.0485769	0.299884815	0.0524952	322.0485685	0.29988348	0.0524656	15.2	22.992	-21.728111	10.93828623	0	0	L10	1	7.59865
8615-12704	1	1	1-550913	321.4431591	0.93108017	0.135009	321.4431636	0.931070696	0.1350185	641.5	25.481	-22.240564	11.090808	1	1	L10	1	4.7127686
8615-3702	1	1	1-635590	321.0544137	1.11838476	0.0494476	321.0543951	1.118381386	0.0482772	12.8	22.843	-21.442938	10.8304237	0	0	L10	1	#N/A
8619-6101	1	1	1-113789	322.6918015	10.62432607	0.0617617	322.6917788	10.62432868	0.0617349	18.5	23.224	-21.725254	10.9419213	1	0	L10	0	6.1555176
8624-12701	1	1	1-23372	259.1639183	59.25371149	0.128108	259.1639557	59.25380235	0.1280956	13.5	23.755	-22.243425	11.11494923	1	1	L10	1	9.32924
8625-12704	1	1	1-24142	258.8457261	57.41118388	0.0273026	258.8456798	57.41125478	0.0272957	57	22.985	-21.848646	10.9874836	1	0	L10	1	18.074791
8626-6101	1	1	1-634789	263.0989089	55.41467792	0.0618731	263.0989239	55.41472534	0.0618731	59.9	23.736	-21.245209	10.73797473	1	1	L10	1	6.5735507
8652-12703	1	1	1-26406	330.8166638	0.571128772	0.0300887	330.8166614	0.571106563	0.0300839	31.7	22.816	-21.318031	10.6331558	0	0	L10	0	11.233786
8654-6101	1	1	1-29590	355.2823589	-1.037567941	0.0360824	355.282352	-1.037577112	0.0361086	9.1	22.436	-21.132072	10.57857098	0	0	L10	0	6.8753014
8654-6102	1	1	1-29679	354.9900307	0.135188747	0.0601839	354.9899972	0.13518667	0.0601788	3.6	22.49	-20.566545	10.18450853	0	0	L10	0	3.6660771
8655-3701	1	1	1-29512	356.751828	-0.447387404	0.0711797	356.7518101	-0.447394005	0.0711678	9.1	23.044	-21.761984	10.88532888	0	0	L10	1	4.049692
8655-9101	1	1	1-29851	356.5370236	1.030334244	0.0925906	356.5370158	1.030302497	0.0925931	127.7	24.431	-21.419254	10.78314508	1	1	L10	1	7.037602
8656-12705	1	1	1-287790	7.387000895	-1.095699615	0.0585413	7.386969062	-1.095696953	0.0585102	5.1	22.616	-21.543207	10.77438815	0	0	L10	0	10.9564705
8656-1902	1	1	1-31374	6.313072181	-1.111757274	0.0379023	6.313073524	-1.111749917	0.0379047	3.1	22.012	-20.965986	10.46963918	0	0	L10	0	5.910871
8656-6103	1	1	1-31324	7.29345627	-0.163789255	0.0608047	7.293456532	-0.163781181	0.0607837	3.7	22.511	-21.525404	10.67859524	0	0	L10	0	6.225894
8657-6101	1	1	1-31788	9.399203563	0.280661865	0.0349048	9.399198888	0.280665803	0.0348902	8	22.35	-21.189932	10.61581221	0	0	L10	0	6.359032
8711-3702	1	1	1-378910	117.3378066	52.35113792	0.0662235	117.3377909	52.35120888	0.0662439	40.3	23.626	-21.146875	10.68870979	1	1	L10	1	5.400585
8712-6101	1	1	1-379291	118.7269228	53.84627709	0.0348771	118.7269355	53.84633716	0.0348834	14.9	22.62	-21.085756	10.45683044	0	0	L10	1	6.1544337
8713-6104	1	1	1-43865	118.3173184	39.05012277	0.0408673	118.3173306	39.05014834	0.0408931	4.2	22.211	-21.398514	10.50049461	0	0	L10	1	5.990466
8714-3704	1	1	1-604860	118.1841527	45.94927639	0.0516947	118.1841906	45.94927352	0.0516869	600.9	24.576	-21.525719	10.86427744	1	1	L10	1	4.8625193
8714-6103	1	1	1-548196	117.7760202	47.33335263	0.0788339	117.7759723	47.33343847	0.078899	177.3	24.428	-21.852152	10.98508329	0	0	L10	1	7.4349947
8715-3701	1	1	1-378770	119.1200007	50.2878655	0.133623	119.1199077	50.28793042	0.1335743	164.6	24.88	-22.332228	11.16926984	1	1	L10	1	4.9714026
8716-3701	1	1	1-605012	121.5476475	53.1473631	0.0641829	121.5475638	53.14745382	0.0641846	4.2	22.615	-21.518965	10.64514252	0	0	L10	1	5.1433425
8717-1901	1	1	1-71481	117.4560012	34.8839121	0.131157	117.4560031	34.8839132	0.1311763	29.8	24.121	-21.963463	11.01725467	1	1	L10	1	6.9822016
8717-6103	1	1	1-121737	118.2913067	35.93252027	0.113369	118.2913011	35.9325323	0.1133728	101.1	24.516	-21.801834	10.93993575	1	1	L10	1	3.6519709
8718-12702	1	1	1-44379	120.7007065	45.03455353	0.038928	120.7007007	45.03454395	0.0389181	3.4	22.075	-20.604292	10.35819429	0	0	L10	1	6.531848
8718-3701	1	1	1-44113	120.2064094	44.69117049	0.102312	120.2063535	44.69118374	0.1023261	3.9	23.008	-22.090214	11.08806329	1	0	L10	1	4.2330904
8719-6103	1	1	1-351474	119.6234847	47.65311846	0.0599654	119.6234482	47.65319828	0.0599695	3.6	22.487	-21.673998	10.73462148	0	0	L10	1	6.153459
8721-9102	1	1	1-48760	135.7964381	54.06432745	0.0831283	135.7963647	54.0644329	0.0831372	79.4	24.127	-22.122057	11.09798045	1	1	L10	1	6.856788
8722-12701	1	1	1-46349	125.531886	49.00304568	0.0942849	125.5318542	49.00312736	0.0942836	4.6	23.004	-22.007149	11.05350059	1	0	L10	0	8.56174
8722-6102	1	1	1-548300	124.3272752	51.07973075	0.0721737	124.3271976	51.07978837	0.0719955	39.2	23.689	-21.786938	10.95602959	0	0	L10	0	6.1374917
8722-9102	1	1	1-548302	127.8903017	50.50934194	0.0959524	127.8902826	50.50941795	0.0966975	41.4	23.982	-21.554014	10.86394741	0	0	L10	0	4.5841103
8723-9102	1	1	1-352827	126.8788498	54.90469389	0.0305248	126.8787259	54.90474145	0.0305135	10.9	22.365	-20.975264	10.64872847	0	0	L10	0	7.8437753
8724-12703	1	1	1-48053	132.5950161	55.37874173	0.0307551	132.5949249	55.37882512	0.0307639	20	22.636	-21.243723	10.74923046	1	0	L10	1	8.267086
8726-1902	1	1	1-217854	117.5776559	23.17823	0.10178	117.5776476	23.17824518	0.101775	13.2	23.532	-22.312426	11.17576584	1	1	L10	1	5.101565
8728-12703	1	1	1-51949	58.05243826	-6.348944523	0.0329443	58.05242665	-6.348957749	0.0329599	12.5	22.493	-21.846853	10.98260961	0	0	L10	1	11.645037
8932-9102	1	1	1-457236	196.6517091	27.87294607	0.0209379	196.651635	27.87296	0.02094	7.5	21.8705	-18.947515	9.642755934	0	0	B12	1	8.166149
8934-3701	1	1	1-456772	194.02549	27.67798	0.0164833	194.02542	27.67811	0.01648	6.9	21.6237	-18.273628	9.061750061	0	0	B12	1	#N/A
8936-12702	1	1	1-152720	116.6353037	30.49074813	0.0570368	116.6352642	30.49074553	0.0570346	16.3	23.098	-21.371819	10.79692743	1	0	L10	1	8.379941
8938-6103	1	1	1-201742	119.7915042	29.78106673	0.105226	119.7914946	29.78104069	0.1052424	14.6	23.607	-21.7185	10.92910592	1	1	L10	1	3.1650481
8940-12702	1	1	1-163966	120.0874176	26.6135273	0.0267379	120.087452	26.61352748	0.0267241	10.2	22.219	-21.098795	10.61404655	0	0	L10	0	7.551123
8940-1902	1	1	1-218041	120.9871293	25.48072169	0.0727756	120.9871248	25.48070564	0.0727768	3.5	22.65	-21.14467	10.59599647	0	0	L10	1	2.145511
8943-3703	1	1	1-394326	158.1318043	36.36706962	0.126537	158.1317383	36.36707962	0.1265252	4.5	23.266	-21.863651	10.99150789	1	0	L10	1	2.9081583
8943-3704	1	1	1-394382	157.6506663	35.91660825	0.123521	157.6507613	35.91661459	0.1235028	54.7	24.329	-22.455109	11.23410982	1	1	L10	1	3.9779103
8945-3704	1	1	1-280053	175.1972999	46.54049241	0.0535883	175.1973046	46.54050464	0.053581	14.9	23.003	-22.244404	11.15038786	1	0	L10	1	10.106268
8945-6103	1	1	1-279329	171.244627	47.14351028	0.0537137	171.2446622	47.1435239	0.0537277	10.5	22.853	-21.193876	10.69505138	0	0	L10	1	6.999603
8946-12703	1	1	1-279314	171.0133231	47.97076153	0.140497	171.013373	47.97079353	0.1405099	28.5	24.166	-21.599825	10.86442364	1	1	L10	1	6.772006
8946-1902	1	1	1-613755	169.300369	46.85987323	0.0607855	169.3003505	46.85989024	0.0607979	4.4	22.587	-21.684488	10.86699362	0	0	L10	1	4.4155254
8946-9102	1	1	1-279252	170.1421557	46.82450442	0.053523	170.1421671	46.8245138	0.0535341	3.8	22.409	-21.45664	10.83317097	0	0	L10	1	7.7395506
8947-12704	1	1	1-149147	171.1026539	51.23494063	0.0271346	171.1026451	51.23500512	0.0271404	4.4	21.868	-20.808512	10.4635738	0	0	L10	1	8.941435
8947-9101	1	1	1-149200	168.7345056	50.33487297	0.047134	168.7345041	50.33495192	0.0471381	3.9	22.306	-21.192505	10.43777389	0	0	L10	1	7.7412186
8948-1902	1	1	1-173903	166.3119351	49.65890856	0.116572	166.3119444	49.65890454	0.1165831	6.2	23.33	-21.77365	10.93304327	1	1	L10	1	2.1215885
8952-12704	1	1	1-626979	205.2357699	26.48671942	0.0750178	205.2356566	26.48670579	0.0750098	26	23.548	-21.627537	10.90895367	1	1	L10	1	8.537995
8952-6101	1	1	1-627041	205.460227	26.37029924	0.0694202	205.4601787	26.37028236	0.0694182	299.4	24.539	-21.90338	11.01370513	1	1	L10	1	5.625877
8977-6103	1	1	1-604824	116.7539488	34.30028473	0.0615687	116.7539431	34.30029139	0.0615706	3.6	22.511	-21.491606	10.62022878	0	0	L10	1	6.4568815
8979-3702	1	1	1-210135	241.370315	42.62721055	0.039392	241.3703173	42.62722211	0.0393913	3.4	22.086	-21.151382	10.5791238	0	0	L10	1	8.862302
8979-9102	1	1	1-210547	243.8303045	42.0376366	0.138583	243.830327	42.03764525	0.1385855	6.4	23.504	-21.725517	10.88007367	1	1	L10	1	4.655279
8981-12701	1	1	1-404012	187.447727	36.68211463	0.144796	187.4477195	36.6821227	0.1447938	3	23.216	-21.956593	10.97793913	1	0	L10	0	11.04614
8982-3703	1	1	1-458092	203.190094	26.58037567	0.0470053	203.19009	26.58037	0.04701	21.2	23.0387	-18.349516	9.241936326	0	0	B12	1	1.2235148
8982-6104	1	1	1-626502	203.0570626	26.94998106	0.0352905	203.05704	26.94996	0.03529	6.9	22.2956	-20.150831	10.19935464	0	0	B12	1	6.2251315
8983-12704	1	1	1-568627	205.4547109	26.37348219	0.075452	205.4547109	26.37348219	0.0694182	23.4	23.432	-22.312046	11.11171035	0	0	L10	1	16.639566
8984-12705	1	1	1-458137	204.353485	27.41921852	0.0365577	204.35346	27.41921	0.03656	7.6	22.369	-21.42195	10.65843048	0	0	B12	1	10.781459
8984-6102	1	1	1-457816	201.900563	27.13801302	0.143482	201.9005739	27.13802789	0.1434922	34.6	24.27	-22.275127	11.14879116	1	1	L10	1	5.7846413
8988-6102	1	1	1-397613	186.2511944	40.15731182	0.0735606	186.2511963	40.15732712	0.0735678	12.9	23.226	-21.770834	10.89104406	0	0	L10	0	5.592689
8988-6104	1	1	1-590142	186.9085576	40.16048935	0.0371091	186.9085702	40.16047671	0.0369105	18.9	22.773	-20.953617	10.30051244	0	0	L10	0	5.802201
8989-12703	1	1	1-150227	177.271668	51.58221367	0.129618	177.271668	51.58221366	0.1296249	7.9	23.533	-21.900858	11.01438133	1	1	L10	1	5.778942
8989-6103	1	1	1-576172	174.993505	51.1513446	0.128867	174.9935454	51.15145166	0.1280502	45.4	24.281	-21.866728	10.9865953	0	0	L10	1	3.5740743
8990-12702	1	1	1-576106	173.4967852	49.06202874	0.0316278	173.4967876	49.0621329	0.0316247	854.2	24.291	-21.59187	10.88821653	1	1	L10	1	14.60379
8991-3702	1	1	1-188749	176.2771789	53.64796274	0.0690135	176.2771253	53.64806807	0.0690258	147.8	24.227	-21.937523	11.01307873	1	1	L10	1	7.994624
8991-9102	1	1	1-150397	178.3774237	52.68945085	0.071639	178.3773777	52.68951552	0.0716304	23	23.453	-21.782791	10.95789854	1	1	L10	1	7.9442573
8993-12701	1	1	1-612080	164.8639457	46.12238958	0.0221653	164.8639761	46.12237615	0.0221845	4.3	21.68	-21.022816	10.59625332	0	0	L10	1	25.446125
8994-6102	1	1	1-148512	159.301171	50.12056814	0.0463065	159.3011545	50.12067326	0.0463195	6.3	22.498	-21.905714	11.00599758	0	0	L10	0	14.256568
8995-12703	1	1	1-188888	177.8061358	55.11643294	0.0793586	177.8060964	55.11651209	0.0793555	3.72	22.755	-21.677732	10.89939947	0	0	L10	1	10.834138
8995-6103	1	1	1-188545	175.5446884	55.45825235	0.13339	175.5446713	55.45832658	0.133391	25.3	24.065	-21.96571	11.03048546	1	1	L10	1	3.8441944
8996-3702	1	1	1-187429	172.3306157	54.12608477	0.0688748	172.33059	54.12615904	0.0688751	21.8	23.394	-21.665684	10.91893675	1	1	L10	1	4.4671497
8997-12704	1	1	1-149454	170.162775	52.62504119	0.0483296	170.162821	52.62509361	0.0483078	3.7	22.305	-21.602411	10.88441112	0	0	L10	1	11.315568
8999-3702	1	1	1-576235	163.4338762	49.4988685	0.140443	163.4338674	49.49889848	0.1404283	64.1	24.517	-22.358253	11.17001553	1	1	L10	1	4.7648654
9001-12701	1	1	1-148841	167.245551	50.34833376	0.115636	167.2454617	50.34843485	0.115635	4.6	23.192	-22.298126	11.15333795	1	0	L10	0	7.9856443
9002-12703	1	1	1-314374	223.9928741	32.62572171	0.0841691	223.9928604	32.6257157	0.0841688	107.4	24.269	-21.079487	10.68808235	1	1	L10	0	13.885239
9002-3703	1	1	1-314484	222.8101367	32.37819452	0.0883005	222.8101254	32.37820134	0.0882987	5	22.981	-21.268618	10.7344944	1	0	L10	1	5.6314754
9002-9101	1	1	1-373327	222.9762711	31.28014378	0.0886369	222.9762727	31.28013456	0.088637	22.8	23.643	-21.456982	10.82635448	1	1	L10	1	3.2824376
9024-12705	1	1	1-314409	223.8674592	32.84002812	0.0601609	223.8674234	32.84000769	0.0601617	7.3	22.797	-21.353477	10.54876792	0	0	L10	1	8.713186
9024-1901	1	1	1-314028	222.4537642	33.85745571	0.0879591	222.4537703	33.85744788	0.0879487	122.9	24.368	-21.128052	10.66373798	1	1	L10	1	3.5184844
9025-12701	1	1	1-269031	244.6464956	29.81731615	0.0610476	244.6464857	29.81728468	0.0610417	6	22.725	-20.557846	10.26812094	1	0	L10	1	7.7464094
9025-9101	1	1	1-272088	245.1297113	29.89102425	0.0960166	245.1296489	29.8910188	0.0960083	4.7	23.03	-22.281765	11.00575961	1	0	L10	1	10.189956
9026-12704	1	1	1-94765	249.2746462	44.26975344	0.0579626	249.2746336	44.26973034	0.0579556	4.1	22.513	-21.209232	10.73358996	1	0	L10	1	9.20931
9027-12701	1	1	1-272287	243.9359214	31.96395516	0.0315467	243.9359008	31.96394642	0.0315489	5.9	22.128	-21.123486	10.39513278	0	0	L10	1	10.6446705
9027-3701	1	1	1-272400	246.0359189	30.9524879	0.0603349	246.0358951	30.95249023	0.0603536	3.6	22.493	-20.840357	10.32983502	0	0	L10	1	2.3899045
9028-3701	1	1	1-269500	243.3753094	29.14339094	0.0782437	243.3753023	29.14338627	0.0782262	3.3	22.69	-21.853958	10.98869494	0	0	L10	1	4.657467
9029-12702	1	1	1-135093	247.2517211	41.28426488	0.0318872	247.2517015	41.28427812	0.0318867	3	21.844	-20.970173	10.49618542	0	0	L10	1	10.963458
9030-12705	1	1	1-269102	243.1779084	29.9013384	0.0533616	243.1778818	29.90132421	0.0533887	39.7	23.425	-21.282682	10.77296715	1	1	L10	0	10.620505
9030-3702	1	1	1-268822	241.2341735	30.5257756	0.0553681	241.2341732	30.52576077	0.0553732	3.7	22.427	-20.581362	10.23127485	0	0	L10	0	2.9661572
9030-3703	1	1	1-561331	243.2373365	30.77071975	0.0494999	243.2373406	30.77072577	0.0495168	4.8	22.44	-21.227545	10.7533475	0	0	L10	0	6.7826924
9030-3704	1	1	1-269099	243.1618584	29.64359387	0.0320821	243.1618385	29.6435845	0.0320731	27.2	22.807	-20.71259	10.54472366	1	0	L10	0	4.339597
9030-9102	1	1	1-272178	243.5713581	30.99946876	0.0617207	243.571374	30.9994614	0.0617199	6	22.735	-20.674223	10.3988053	0	0	L10	0	4.4166594
9031-3704	1	1	1-209772	239.9749498	44.70899009	0.04173	239.9749479	44.7089971	0.0417438	59.4	23.38	-20.837421	10.58216655	1	1	L10	1	5.0282955
9031-9102	1	1	1-209706	241.3981514	44.20612557	0.0445011	241.3981818	44.20614104	0.0445194	70.9	23.514	-21.594332	10.86217127	1	1	L10	1	7.2378435
9032-3704	1	1	1-268826	241.215606	30.52601178	0.0553966	241.2155875	30.52600923	0.055403	3.4	22.391	-20.653503	10.26876813	0	0	L10	0	2.8729513
9032-6102	1	1	1-268789	241.5150779	30.65023673	0.0593434	241.5150599	30.6502266	0.0593513	7.2	22.779	-20.653833	10.50192355	1	0	L10	0	3.270916
9033-12705	1	1	1-576436	224.0181831	45.40526587	0.0361875	224.0182025	45.40527327	0.036168	7	22.324	-21.060545	10.3631956	0	0	L10	1	13.410157
9033-6104	1	1	1-198395	224.0203687	47.45345368	0.0871908	224.0203895	47.4534617	0.0871793	220.4	24.613	-22.131926	11.11045752	1	1	L10	1	5.6001906
9034-6104	1	1	1-198501	226.0925514	47.68668272	0.093357	226.0925774	47.68668768	0.0933575	12.2	23.419	-22.0774	11.05937318	1	1	L10	1	6.6455846
9035-9101	1	1	1-247861	235.4470058	45.55600081	0.036696	235.4470004	45.55602011	0.0366974	8.9	22.441	-20.92174	10.62024277	1	0	L10	1	7.4563704
9037-6104	1	1	1-247713	236.2134821	43.51405675	0.0366431	236.2134811	43.51406747	0.0366475	11.4	22.547	-21.393732	10.80901757	1	0	L10	1	5.7494125
9038-12702	1	1	1-199742	237.409348	42.03421156	0.0331128	237.4093817	42.0342099	0.033107	3.2	21.905	-21.40334	10.82149511	0	0	L10	1	8.939788
9038-6101	1	1	1-248055	238.7580386	41.57832972	0.0335628	238.7580489	41.57833873	0.0335708	47.4	23.088	-21.572546	10.88399815	1	0	L10	0	13.991583
9039-12703	1	1	1-263104	228.9786646	34.72955835	0.110895	228.9786652	34.72953691	0.1109173	51.9	24.206	-21.863613	10.96716228	1	1	L10	1	9.46289
9040-3701	1	1	1-269740	245.5362932	27.34844112	0.0944109	245.5362912	27.34842427	0.0944306	6.6	23.163	-22.270885	11.12597532	1	0	L10	0	5.192674
9041-12701	1	1	1-264513	236.9415121	28.64169761	0.0332619	236.9415019	28.64170655	0.0332595	16.2	22.614	-21.485634	10.40265753	0	0	L10	1	13.918472
9041-3701	1	1	1-316933	235.5401497	28.25695826	0.115776	235.5401416	28.25696222	0.1157738	7.3	23.394	-22.223429	11.13483136	1	1	L10	1	4.6108103
9041-9102	1	1	1-633219	235.941919	28.41521164	0.0327509	235.9419084	28.41524181	0.0327535	4.3	22.024	-20.515476	10.12162922	0	0	L10	1	8.300376
9042-1901	1	1	1-375364	233.1864494	28.06313826	0.0729896	233.18643	28.06314	0.07299	327.6	24.6237	-20.113482	10.2983467	1	0	B12	1	1.5150458
9042-3702	1	1	1-316385	232.5428259	29.00839523	0.0841925	232.5428192	29.0083925	0.0842034	258.3	24.65	-21.965778	11.03435125	1	1	L10	1	4.814869
9042-9101	1	1	1-316402	233.1940911	28.36706959	0.0721096	233.1940705	28.36706321	0.0721056	3.8	22.677	-21.673515	10.80940943	0	0	L10	1	7.891426
9043-12703	1	1	1-632641	231.27392	29.67017	0.111541	231.2738591	29.67012223	0.111408	81.2	24.405	-21.904692	11.00927197	1	1	L10	1	#N/A
9043-3704	1	1	1-374514	230.903167	28.64307479	0.084046	230.90313	28.64309	0.08405	58.5	24.0038	-21.925966	11.02472059	1	1	B12	1	5.7285786
9044-3702	1	1	1-315063	229.437392	31.0043845	0.135897	229.4373707	31.00439944	0.1358802	52.8	24.402	-21.937666	10.98392731	1	1	L10	1	2.7483325
9044-3704	1	1	1-316138	230.8616302	31.06626795	0.0747467	230.8616154	31.06628318	0.074755	12.5	23.227	-21.76406	10.95380393	1	0	L10	1	4.3639565
9044-6104	1	1	1-632410	230.3932314	30.72057381	0.0784411	230.3932068	30.72057101	0.0804235	65.9	24.015	-22.113743	11.09039781	0	0	L10	1	6.705009
9045-12705	1	1	1-374107	228.2370545	30.3045227	0.110159	228.23703	30.30453	0.11016	97	24.4716	-22.05879	11.07016533	1	1	B12	1	9.17358
9045-3701	1	1	1-315134	228.0232423	30.83983532	0.0896324	228.0232236	30.83985359	0.0896423	103	24.308	-22.264086	11.14915375	1	1	L10	1	6.3907294
9045-3703	1	1	1-632035	228.353657	30.95841254	0.0716997	228.3536486	30.95843989	0.0712588	3.2	22.592	-21.780962	10.76452169	0	0	L10	1	5.1056776
9047-12701	1	1	1-296190	245.441961	25.82067799	0.0479823	245.4419593	25.82068105	0.04799	9	22.685	-21.468218	10.8298347	1	0	L10	1	16.69123
9047-12704	1	1	1-295355	246.7109833	25.8911971	0.110115	246.7109647	25.89119097	0.110134	7.9	23.382	-21.659021	10.89092795	1	1	L10	1	10.5264435
9047-1901	1	1	1-295721	245.8074685	26.47929526	0.0644593	245.8074134	26.47930246	0.0644584	8.8	22.94	-21.422441	10.80170111	1	0	L10	1	3.7868423
9047-6102	1	1	1-633981	247.1922157	25.49472099	0.0400737	247.1922134	25.49470083	0.0400842	25.2	22.971	-21.056293	10.67138317	1	0	L10	1	6.5951214
9047-6103	1	1	1-270072	247.5124981	25.79413385	0.132226	247.5125097	25.79411781	0.1322352	5.1	23.362	-21.689241	10.90781863	1	1	L10	1	3.3461506
9047-6104	1	1	1-270129	248.1408785	26.38073961	0.0586143	248.1408494	26.38072293	0.0586047	9	22.864	-21.54191	10.8109297	0	0	L10	1	6.6662483
9048-3703	1	1	1-295303	246.1722368	25.32823523	0.128491	246.1722303	25.32821424	0.1285003	9.2	23.591	-21.8763	10.95021706	1	1	L10	1	5.2433705
9048-3704	1	1	1-295367	246.0981398	25.13011894	0.0960285	246.0981118	25.13011788	0.0960213	12.6	23.459	-21.751635	10.95528209	1	1	L10	1	5.2479286
9049-1901	1	1	1-269632	247.560973	26.20647356	0.131457	247.5609687	26.20646897	0.1314478	6.8	23.481	-22.238806	11.00240851	0	0	L10	1	3.5783517
9050-3704	1	1	1-318725	245.9950036	22.39336727	0.0370079	245.9949945	22.39336147	0.0370066	10	22.499	-20.809105	10.25805371	0	0	L10	1	4.9433675
9088-6103	1	0	1-265801	242.808817	26.92340272	0.0319268	242.8088108	26.92340354	0.0319298	103.7	23.384	-21.416569	10.80166224	1	1	L10	1	15.599043
9089-12701	1	1	1-376168	240.4782341	24.15091007	0.0629325	240.4781903	24.15087738	0.0629127	3.5	22.518	-21.10217	10.27386341	0	0	L10	0	5.4396
9089-12702	1	1	1-318105	241.2978732	24.96011688	0.0337829	241.2978377	24.96011834	0.0337784	5.8	22.181	-20.674664	10.20701924	0	0	L10	0	9.463705
9089-6104	1	1	1-317809	241.0039205	25.95539795	0.0485758	241.0038961	25.95540765	0.0485659	6.1	22.527	-21.525986	10.73699219	0	0	L10	0	7.2149024
9090-12701	1	1	1-561324	243.6183554	28.29193016	0.106808	243.6183558	28.29194403	0.1060608	423.7	25.077	-21.691114	10.92457997	0	0	L10	0	2.681431
9090-9102	1	1	1-296801	243.0733938	28.42955087	0.0531379	243.0734215	28.42956937	0.0531639	76.7	23.707	-21.553041	10.8706533	1	1	L10	0	8.189577
9091-12704	1	1	1-633683	241.8662186	27.56976637	0.0655344	241.8661993	27.56977912	0.0655909	7.9	22.909	-21.454952	10.76933383	0	0	L10	0	7.8653884
9091-3702	1	1	1-317791	240.3341353	26.07755316	0.0878464	240.3341105	26.07757087	0.0878625	77.2	24.165	-20.752075	10.55752354	1	0	L10	0	2.6674252
9091-6102	1	1	1-633545	240.957265	26.54209397	0.0487173	240.9572233	26.54207511	0.0487208	3.1	22.236	-21.514746	10.85826937	1	0	L10	0	5.850538
9092-3703	1	1	1-317471	239.9650637	25.9406524	0.0446581	239.9650435	25.94063562	0.0446677	29.2	23.132	-21.09812	10.69317782	1	0	L10	0	4.9203696
9092-6101	1	1	1-318034	240.6876691	25.25218889	0.0481138	240.687644	25.25217709	0.0481074	4.8	22.414	-21.329762	10.68193333	0	0	L10	0	6.6974273
9092-6104	1	1	1-559150	239.6892785	26.64766547	0.086101	239.6892911	26.64766387	0.0874748	13.9	23.416	-21.814524	10.97644128	0	0	L10	0	5.5630603
9093-12703	1	1	1-296766	242.0881207	28.47868347	0.0501824	242.0881056	28.47868606	0.0501754	249.1	24.167	-21.256819	10.76625353	1	1	L10	0	10.359918
9093-12705	1	1	1-594273	242.4063394	28.05184258	0.0327961	242.4063474	28.05185283	0.0326004	10	22.386	-20.721325	10.22706815	0	0	L10	0	8.480024
9094-1902	1	1	1-265404	239.7102787	27.39008258	0.0935275	239.7102619	27.39006596	0.093488	14.7	23.501	-21.658348	10.40052499	0	0	L10	0	3.242478
9094-9101	1	1	1-317695	239.7193903	26.43862255	0.0873412	239.7193842	26.43860267	0.0873286	52.3	23.99	-22.387295	11.2584263	1	1	L10	0	7.940475
9181-12701	1	1	1-71950	118.5709466	38.2208939	0.117955	118.5709488	38.22087697	0.1179621	5.3	23.272	-21.340548	10.79436954	1	0	L10	1	5.0167265
9181-12702	1	1	1-71872	119.6171275	37.78662456	0.0408246	119.617129	37.78661815	0.040841	2717.9	25.021	-22.296637	11.16636218	1	1	L10	1	16.31909
9181-12703	1	1	1-71976	118.654435	39.17992753	0.0960224	118.6544322	39.17994443	0.0960263	57.6	24.119	-21.790203	10.94359105	1	1	L10	1	6.7849913
9181-12704	1	1	1-71953	118.3820153	38.73329553	0.0408082	118.3820159	38.73329791	0.0408138	5.3	22.31	-21.493734	10.84826874	0	0	L10	1	9.856119
9182-12701	1	1	1-71891	119.5533053	38.53531435	0.0955307	119.5533087	38.53530409	0.0955489	31.1	23.847	-22.424953	11.22621162	1	1	L10	1	8.547068
9182-3704	1	1	1-72166	121.52962	39.34241023	0.0645574	121.5296039	39.34243172	0.0645513	10.7	23.027	-21.560762	10.87700851	1	0	L10	1	4.5800056
9182-6102	1	1	1-71987	119.4863374	39.99336516	0.0657771	119.4863497	39.99337145	0.0657733	99.5	24.012	-20.942308	10.51475366	1	1	L10	1	3.5656629
9183-3701	1	1	44-50	119.967968	38.24004317	0.078837	119.9679687	38.24004317	0.078837	415.7	24.797	-20.505865	10.23552728	0	0	L10	1	#N/A
9185-9101	1	1	1-634515	256.2122825	34.81733371	0.0563626	256.2122745	34.81732274	0.0563584	9	22.829	-20.666542	10.37693427	0	0	L10	1	7.3232036
9186-6103	1	1	1-634665	258.1184986	30.90967808	0.054692	258.1184639	30.90965648	0.0546869	5.8	22.611	-21.607378	10.78550331	0	0	L10	0	6.906622
9187-6101	1	1	1-96483	312.1961179	-6.994372533	0.041727	312.1961186	-6.994390073	0.0417524	3.8	22.186	-21.043829	10.63622986	0	0	L10	0	5.6107802
9187-9101	1	1	1-96448	311.3127012	-5.6227278	0.0273256	311.3126962	-5.622752472	0.0273326	3.7	21.799	-20.663658	10.09193062	0	0	L10	0	15.799255
9188-1901	1	1	1-51001	48.15470618	-7.572847504	0.0359661	48.15471626	-7.572854997	0.0359665	12.9	22.584	-21.102497	10.49853039	0	0	L10	0	3.6243165
9189-12704	1	1	1-51329	51.29825982	-6.180946401	0.033669	51.29824058	-6.180969397	0.0336748	24.8	22.81	-21.585253	10.61766167	0	0	L10	0	10.201669
9189-9102	1	1	1-51315	51.01051847	-5.934396143	0.0370497	51.01049005	-5.934412894	0.0370578	5	22.199	-20.924532	10.25164991	0	0	L10	0	7.0199604
9191-12702	1	1	1-635330	313.0932536	0.075715084	0.0302434	313.093255	0.075722816	0.030247	3.4	21.852	-21.031393	10.54754687	0	0	L10	0	10.821519
9191-6103	1	1	1-376993	312.9092368	-0.055866767	0.107683	312.9092368	-0.055866767	0.1076935	252.7	24.867	-22.516876	11.25183249	1	1	L10	0	6.6505203
9192-12704	1	1	1-37601	46.28574285	0.343443043	0.0435936	46.28572653	0.343425417	0.0435892	6.9	22.484	-21.208307	10.35337221	0	0	L10	0	8.671888
9192-12705	1	1	1-293356	46.57226704	-0.140035246	0.109617	46.5722673	-0.140013659	0.1096335	20.8	23.798	-21.683048	10.91381261	1	1	L10	0	11.2589445
9192-6103	1	1	1-37568	45.97047861	0.415262277	0.0429988	45.97048172	0.415233375	0.042989	9.3	22.601	-21.773252	10.94514167	1	0	L10	0	7.254217
9193-12705	1	1	1-37388	46.33244272	-0.970712839	0.0448852	46.33241182	-0.970701673	0.0448925	11.3	22.724	-20.988459	10.65059611	0	0	L10	1	11.813257
9195-6104	0	1	1-603028	28.96658701	14.94027565	0.0438183	28.96660267	14.94027595	0.0438149	7.6	22.53	-21.129066	10.42730083	0	0	L10	1	5.6361275
9484-12705	1	1	1-153116	120.8705998	33.46239172	0.0393408	120.8706127	33.46239166	0.0393169	17.9	22.806	-21.506588	10.75008173	0	0	L10	0	7.94341
9485-12705	1	1	1-153627	121.7799375	36.23347854	0.0323135	121.7799431	36.23348184	0.0323076	4.8	22.06	-20.90061	10.4714437	0	0	L10	1	6.5414047
9485-1901	1	1	1-122002	120.7780319	37.02355744	0.0712221	120.778012	37.02356208	0.0712138	4.7	22.758	-21.243265	10.4873346	0	0	L10	1	2.2439673
9485-9101	1	1	1-71516	119.1073548	37.05824732	0.0774518	119.1073397	37.05824731	0.077437	205	24.474	-21.632717	10.91400915	1	1	L10	1	7.1245894
9490-9102	1	1	1-383319	122.5609906	20.20726621	0.12471	122.560974	20.20725166	0.1247084	8.4	23.524	-22.281988	11.14561344	1	1	L10	1	7.2777357
9491-6101	1	1	1-382712	119.1743774	17.99116842	0.0412448	119.174363	17.99118218	0.0412441	13.8	22.735	-21.026672	10.18600675	0	0	L10	1	5.6879582
9494-9101	1	1	1-384872	127.3603364	22.74340731	0.0872938	127.3603286	22.74341302	0.0872927	161.5	24.479	-21.573364	10.87638678	1	1	L10	1	5.1488724
9498-3701	1	1	1-217733	117.8373544	22.50417067	0.0755951	117.8373653	22.50415525	0.0756012	6.4	22.946	-21.761478	10.96468952	0	0	L10	0	4.587534
9502-9101	1	1	1-605311	128.3419311	25.10492532	0.0866	128.3419282	25.10492176	0.0854837	5.3	22.976	-21.749886	10.9348192	0	0	L10	1	7.006113
9503-12701	1	1	1-229731	119.9728317	23.39008331	0.029143	119.9728553	23.39006712	0.0291344	22.1	22.631	-21.097734	10.64556054	0	0	L10	0	8.442444
9503-6103	1	1	1-217999	120.8188621	24.67677681	0.04292	120.8188441	24.67677597	0.0429266	137.8	23.77	-20.758286	10.5575293	1	0	L10	0	6.360977
9506-3701	1	1	1-605531	133.5699045	27.26652628	0.0637792	133.5698934	27.26653159	0.0637821	8.1	22.895	-21.682013	10.66093187	0	0	L10	1	4.3320084
9506-3704	1	1	1-386212	134.6447367	26.21175124	0.0850858	134.6446996	26.21174291	0.0850865	13.9	23.391	-21.82105	10.96673154	1	1	L10	1	5.1618814
9506-6103	1	1	1-385935	132.7873202	27.35590297	0.119807	132.7873225	27.35588799	0.1198455	55.8	24.309	-22.311821	11.16732435	1	1	L10	1	5.7532926
9508-12704	1	1	1-298938	127.1059539	26.39737016	0.0808831	127.1059219	26.39735024	0.0808799	3.6	22.758	-21.343046	10.57156739	0	0	L10	1	5.9719963
9511-9102	1	1	1-76534	129.9125601	2.574095339	0.112884	129.912558	2.574084001	0.1128823	97.4	24.496	-22.375202	11.17229079	1	1	L10	0	7.0460534
9514-6101	0	1	1-42141	31.3690038	13.25161588	0.0246943	31.36900882	13.25162675	0.0259179	12.1	22.266	-21.359354	10.82210717	0	0	L10	0	16.814058
9864-12702	1	1	1-576470	213.9703693	50.32379955	0.0739611	213.9703789	50.32385305	0.0738793	3.5	22.663	-21.897251	11.00139927	0	0	L10	1	9.903549
9864-12705	1	1	1-197454	217.1220048	50.6900267	0.0821369	217.1220011	50.69008772	0.0821382	4.8	22.897	-21.196617	10.74721635	1	0	L10	1	5.457807
9864-6104	1	1	1-197292	214.8680458	52.13540522	0.0452915	214.8680846	52.13544889	0.0453132	4.3	22.313	-21.231094	10.7470687	0	0	L10	1	6.7144284
9867-12705	1	1	1-198093	222.7691337	49.25514192	0.0754685	222.7691422	49.25515753	0.0754781	7.3	23.002	-21.794533	10.97213235	1	0	L10	0	6.95642
9872-9102	1	1	1-593934	234.1347068	41.79929391	0.0413954	234.1347302	41.79929795	0.0412626	3.5	22.14	-21.064205	10.50340608	0	0	L10	1	7.5969543
9876-3702	1	1	1-456714	194.5776614	27.31081726	0.0247218	194.5776	27.31082	0.02472	5.3	21.8659	-18.245169	9.277788224	0	0	B12	1	4.3709126
9881-6102	1	1	1-523167	205.2131587	24.47331172	0.0270449	205.21317	24.47328	0.02704	8.2	22.1347	-20.574179	10.34177341	0	0	B12	1	5.815774
9882-3704	1	1	1-627331	206.5529238	23.05383441	0.026861	206.55291	23.05384	0.02686	5.2	21.931	-20.387115	10.41542356	0	0	B12	0	4.330356
9883-6104	1	1	1-177027	256.5317824	33.48284362	0.100701	256.5317994	33.48285202	0.1007438	12.9	23.513	-22.172703	11.13654408	1	1	L10	1	6.265974
9883-9101	1	1	1-561014	254.9331118	32.61532546	0.1013	254.933112	32.61532268	0.0612381	39.1	23.542	-21.366556	10.79471813	0	0	L10	1	8.433549
9884-6101	1	1	1-576458	204.5505863	52.42950508	0.0573472	204.5506086	52.42958854	0.0576711	4.1	22.508	-21.621082	10.72860789	0	0	L10	0	5.9027452
9885-12703	1	1	1-376116	239.0163335	24.44804009	0.0425377	239.016306	24.44802686	0.042527	139.8	23.768	-21.442772	10.82830674	1	1	L10	0	11.660172
9887-6101	1	1	1-264865	238.0152426	27.86659458	0.0809607	238.0152376	27.86658979	0.0809026	40.3	23.807	-21.979637	11.04294647	1	1	L10	0	6.0485334
9888-12701	1	1	1-593975	235.4758232	28.13397939	0.0332197	235.4758167	28.13400558	0.0320936	5	22.072	-21.320148	10.76586375	0	0	L10	1	13.209597
9888-12703	1	1	1-317381	238.2387183	27.66330042	0.082813	238.2387183	27.66330042	0.0828334	7	23.068	-22.207066	11.13669034	1	0	L10	1	8.734548
9888-12704	1	1	1-316945	236.0063392	28.27702878	0.0332288	236.0063437	28.27701402	0.0332338	3.1	21.895	-20.645521	10.19470176	0	0	L10	1	11.383635
9888-6102	1	1	1-549010	237.571532	27.26783636	0.0731071	237.5715369	27.26783928	0.0744293	45.3	23.782	-21.983507	11.02810319	0	0	L10	1	5.5151587
9888-6104	1	1	1-317388	238.2997597	27.55575028	0.147435	238.2997443	27.55573308	0.1474459	125	24.853	-22.51536	11.24442877	1	1	L10	1	5.4292254
9889-3703	1	1	1-375532	234.162312	25.90682532	0.0946412	234.1622865	25.90680516	0.0946358	14.4	23.503	-22.07525	11.07283083	1	1	L10	0	4.7998543
9889-6103	1	1	1-375061	233.4243238	26.14005504	0.0341189	233.424315	26.14005	0.03412	6.2	22.2193	-20.384691	10.15278656	0	0	B12	0	5.5829473
9891-12705	1	1	1-374773	229.8479876	28.31821072	0.118915	229.84797	28.3182	0.11892	11.6	23.6201	-21.780478	10.92195703	1	1	B12	1	5.058892
9894-6101	1	1	1-294355	250.4247552	20.0794171	0.0604006	250.4247779	20.07941737	0.0603956	3.8	22.517	-20.583408	10.40510117	0	0	L10	0	3.367985
9894-6104	1	1	1-294374	250.9078263	21.69128707	0.0353909	250.9078102	21.69127582	0.0353883	3	21.936	-20.523949	10.28378825	0	0	L10	0	5.9855866
																		
																		
																		
																		
																		
																		
